-0.518309	-1.38151	-0.2316
0.0230371	-0.11345	-5.80009
6.14507	0.23276	-0.00490438
-0.310252	-6.19763	-0.105043
-0.0178354	0.475072	1.00437
0.163794	0.102598	0.407679
-0.837971	0.885702	0.167003
1.22323	0.649254	0.0744638
-0.0678046	-1.46739	-0.109784
0.0510894	-0.073647	-0.286666
-0.139138	-0.0953571	-0.247187
-0.0820069	0.0301426	-0.06497
-0.06091	-0.387156	-0.0845403
-0.494041	0.0982467	0.0597727
0.300722	0.3315	-0.00959238
0.0180999	-0.307445	0.163796
-0.0221092	0.370113	0.305577
0.240341	0.115479	0.194571
0.116374	-0.0876316	0.00117295
-0.0289584	-0.0462286	0.13885
-0.0613694	-0.0256953	-0.0129983
-0.0430178	-0.0701536	-0.0634734
-0.23495	0.11956	0.0512095
0.218565	0.22293	-0.11378
0.00464472	-0.319638	0.363449
0.00200538	-0.083814	-0.086514
-0.0635222	-0.0596707	-0.0734737
-0.0497391	0.0146835	-0.0122287
0.0131949	0.0388536	0.00539228
0.0276029	-0.00147543	-0.0317194
0.00931923	0.0332811	0.0218962
0.0459779	0.00217643	0.00534614
0.00802924	-0.0676806	-0.00035017
-0.0780027	0.00517632	-0.000454968
0.0610313	0.0785421	-0.0472645
-0.00295064	-0.0875804	0.0981414
-0.0013327	0.0528457	0.0387468
0.0205611	0.0542712	0.0458588
0.0494824	0.000628417	0.0113533
0.0122971	-0.0274227	-0.0176441
-0.0249148	-0.00769865	0.00958789
-0.0108853	0.011138	0.0165267
-0.0302778	0.00624051	-0.00670487
-0.000358081	0.0453622	0.00920559
0.0298812	0.00306947	-0.00400934
0.0235103	-0.0411449	0.0114861
-0.04333	-0.00861665	0.00887315
0.0188885	0.0427572	-0.0306804
-0.00190058	-0.0213142	0.0236725
-0.0027838	-0.0494889	0.00158021
-0.0321396	-0.0536543	-0.020194
-0.0393469	-0.00467411	-0.00856435
-0.00736737	0.0146995	0.00432894
0.00392237	0.00465782	0.0001592
0.0011207	-0.00455233	-0.00840306
-0.00395188	-0.0031045	-0.00485634
-0.00259769	-0.015002	-0.00142308
-0.0113723	-0.0121281	-0.00225401
0.000518189	0.0154325	0.000352085
0.00458134	0.00854487	-0.000823215
0.0107894	-0.0112204	-0.00767997
-0.0169473	-0.00656548	0.00294795
-0.00298267	0.0147143	-0.0374485
0.000660846	0.00651268	0.0515255
0.0026191	0.0251093	0.00452827
0.012847	0.0358732	0.0171977
0.0178308	0.0105031	0.0075779
0.0116642	-0.00808477	-0.000468207
-0.000767529	-0.00663717	0.000425249
-0.0076724	-0.00109091	0.00428787
0.0049705	0.00164926	0.00152727
0.000782359	0.00154004	-0.00595164
0.00871662	0.0044391	0.000168855
0.0081509	-0.00927693	0.00112432
-0.014317	-0.00588161	-0.000386136
-0.00121747	0.00547879	-0.000645039
-0.00199404	0.00553789	0.00152246
0.00829861	-0.00212005	-0.0077819
-0.00632863	-0.00693562	0.00831059
0.000495997	-0.00474938	-0.0190484
0.00358086	0.00600014	0.0241812
-0.00129753	-0.00596447	0.00169575
-0.0106301	-0.0241177	0.00320557
-0.0150312	-0.0179587	-0.0108779
-0.00793933	0.00880636	0.00186446
0.00209747	0.00539532	0.00125729
0.00317063	-0.00442468	-0.00590439
-0.00104174	0.00111823	-0.00389358
-0.00409009	0.00197731	0.000218776
1.52496e-05	-0.000800949	0.00121397
-0.0136459	0.00311787	0.0015264
0.00803305	0.00574301	-0.000849153
0.00639439	-0.00560602	-0.000421752
-0.00372983	-0.00317922	0.00113806
-0.00126638	0.00187059	0.000687634
1.2356e-05	-0.000575531	0.00536965
0.00419978	0.00438417	0.000526584
-0.00162734	0.00879867	0.00395068
-0.0096332	-0.000160391	-0.018699
-0.000983093	0.00830657	0.0164242
0.000289877	0.00158589	-0.00990809
0.00127471	0.0174089	-0.0259095
0.011045	0.00929704	-0.00675849
0.00738997	-0.00836129	-0.00423998
0.00213447	-0.0084378	-0.00283127
-0.00332932	0.00658044	0.00574718
-0.00440987	0.00265914	0.00329659
0.00192456	0.000853183	0.00631212
-0.00147008	0.000220559	0.00280314
-0.00329885	-0.00359833	2.27367e-05
-0.00568086	0.00126859	0.00073048
-0.0083747	-0.00438546	-0.00339876
-0.0032087	0.00146827	0.000331348
0.00546959	-0.00020798	-0.00648194
0.00100443	-0.00322285	-0.00231914
-0.00124402	0.000270084	0.00394447
0.00160523	-0.00096339	0.000637832
0.000940181	0.00671839	0.00207312
0.00572558	-0.00386877	0.0116115
0.000608501	-0.00448494	-0.0180475
-0.00627438	0.0064788	0.0080479
0.000116269	0.00149682	0.0181081
-0.00210333	-0.00792076	0.00760024
-0.00220655	-0.0161859	0.0253099
-0.00287976	0.00584129	0.00199306
-0.000743626	0.0133459	0.00755896
-0.0028277	-0.00199213	-0.00275927
0.00128566	-0.00524293	-0.003673
0.00328735	0.00301711	0.000520398
-0.000905894	-0.00387998	-0.00505437
0.00453854	-0.000199297	0.00045204
-0.00369167	0.0050651	0.00122229
0.00147536	0.00194168	0.00162363
0.00127316	0.0125595	0.00485367
-0.0103236	-0.0025287	0.00178254
0.00230767	-0.00367574	0.00517078
0.000107488	0.00135912	-0.00192543
0.00106605	0.00311289	-0.00693926
-0.00183107	-0.00550429	-0.00168257
4.68062e-05	-0.0124791	0.00453459
-0.000384379	0.00934789	-0.00549226
-0.00284458	-0.00120534	0.0075793
0.00289593	0.00175801	-0.0107319
-0.00157398	0.00619141	-0.00225383
0.00467296	0.000334135	-0.00288565
0.00168994	0.0125473	-0.000798081
0.00193548	0.00607551	-0.00720731
-0.0013165	0.00056807	-0.00472172
-0.00360107	-0.00914537	0.00484565
-0.00284433	0.0012746	-0.00386352
0.000664189	0.00539318	0.00391901
0.00130155	-0.0104177	-0.00666492
0.00555798	-0.000450375	-0.00188537
-0.00795962	0.00669609	-0.00200814
-0.00805079	-0.00730018	-0.00665805
0.0050922	-0.000562057	0.00406154
-0.00417762	-0.00822191	-0.00601887
0.0054764	0.00209802	-0.000578254
0.00319763	0.00504577	0.000166537
-0.000727918	0.00281698	0.00888774
0.000851198	-0.000843005	0.00521043
0.00194585	0.000588799	0.00132228
-0.00108361	0.00481187	0.000396037
-0.000377905	-0.00234502	-0.00937912
-0.00499425	-0.0024727	0.000433724
0.000938119	0.0122387	-0.000172252
-0.0119749	-0.0125839	-8.97985e-05
0.00759588	0.0150181	0.00709772
-0.00328005	-0.00561082	-0.00198393
0.000374587	-0.00939635	-0.000418225
-0.0104332	-0.000115646	0.00429824
-0.000203393	-0.0254554	-0.00235967
0.000256571	0.00401107	-0.00134729
0.00369725	0.0136641	-0.0133314
0.0050274	-0.000671707	-0.00416176
0.00293094	-0.0108718	0.00618747
0.000796441	0.0047991	0.000196781
-0.00265627	0.0130455	0.00466462
-0.00941683	-0.0062913	0.0013265
0.00581509	-0.00479408	0.0056764
0.0092888	0.00442356	0.00186846
-0.00825315	-0.00162494	-0.00161939
-1.50098e-07	0.0033831	0.00207708
-0.00675511	-0.0145406	-0.00162347
-0.00651541	-0.00187551	-0.00354133
0.00433768	0.0100421	-0.0121529
-0.00471929	-0.000368484	0.000995705
-0.00190529	-0.00674882	0.00291595
0.00255191	0.000551716	0.000693547
0.00376887	0.00346337	0.00388095
0.0122802	-0.00953251	-0.000262878
0.0002331	-0.00287011	-0.00128702
0.00567298	0.012598	0.00475378
-0.00547898	-0.0230199	-0.0127654
0.00686478	0.0075325	-0.000299923
-0.00158676	-0.00413755	-0.011924
0.00208462	0.0076345	0.00215678
0.00368463	0.0150798	0.00928631
0.00737214	0.0091684	0.00623171
0.0010938	0.00397482	0.00924125
0.000196125	-0.00814424	0.00514286
-0.00179777	-0.0064292	0.0119577
-0.00129695	0.0068622	-0.00264083
-0.000828481	0.00164105	-0.00188611
-0.00228925	-0.00775225	-0.00107415
0.00333148	0.00749204	0.00589464
0.00803132	0.00181204	-0.00131666
-0.00925347	-0.00412931	-0.000584084
-0.00814624	0.00640677	0.00760511
0.00398513	-0.000929731	-0.00792787
-0.00711672	0.00920752	0.00628797
0.00304602	-0.000750741	-0.000438032
-0.0018705	-0.00671689	0.0035749
0.00069936	-0.00583396	-0.00341214
0.00105266	-0.00160345	-0.00924672
0.00510705	-0.000956279	-0.0047209
-0.000759913	-0.00215632	-0.000216867
-0.00483703	0.00896147	0.00718368
-0.00874676	0.00516465	-0.00082112
0.000163077	-0.0111808	0.00368731
0.00124371	0.00362757	-0.0030475
0.00284337	0.0141329	0.00166466
-0.0053952	-0.0108595	-0.00119035
0.0030426	0.00229984	-0.00430135
0.00168425	-0.00546671	-0.00430558
-0.00184812	-0.0157806	-0.00328785
-0.0033651	-0.00623903	-0.0054537
-0.00101311	-0.0211939	-0.0155843
-0.0047273	-0.00348098	-0.0115801
-0.00270264	0.0195865	-0.00524605
-0.00148662	-0.000844299	-2.38657e-05
0.0012706	-0.00897265	-0.00300772
-0.00290296	0.00342982	0.00598854
-0.00398368	0.00849922	-0.0114409
-0.00246555	-0.00825831	-0.000676558
-0.00226826	-0.0204887	-0.00484643
-0.00131904	0.00735159	-3.08457e-06
0.00496469	0.0101706	-0.00346979
0.00389213	-0.00693676	-0.00465404
-0.00675191	0.00081941	0.00466519
0.00216667	-0.00156737	-0.00313783
-0.010607	0.0162889	8.84413e-05
-0.00357774	-0.00118421	0.00148106
0.00776081	-0.00833364	0.0109669
-0.0026775	0.00283799	0.00214565
-0.00323151	0.0116898	0.00115409
-0.00157531	-0.000347485	0.00162155
0.00239389	-0.00396727	-0.00888669
0.000181846	0.00493617	0.00342297
0.000825943	-0.00540667	-0.00595562
-0.00201448	-0.0135545	0.00208427
0.000426275	0.011608	0.00665927
0.000895576	0.00242068	0.0026895
0.000166524	-0.00612461	0.0208061
-0.00232568	0.0042522	0.00737012
0.000578353	0.00163513	0.00306354
0.00498367	0.0109987	-0.002374
0.00572405	0.0197958	0.00662497
-0.00251571	0.0110834	0.00293191
0.00412669	-0.00393276	0.00881749
0.000737309	-0.0010325	0.00286899
0.000769509	-0.00666097	-0.00207901
0.00208315	0.00630299	-0.00312258
0.000246391	0.0070409	-0.00387199
0.00631077	-0.00995947	-0.00102319
0.00663193	-0.000857605	0.0128885
0.00365403	0.0160014	-0.000151057
0.00113057	0.00524456	-0.00169946
-0.00886734	-0.0057675	0.00374928
-0.00945816	-0.00632257	0.00123768
-0.00359431	-0.00563562	-0.0047299
0.00385079	0.00125322	0.0060237
-0.00588128	-0.0100514	-0.00585373
0.00600399	0.000903508	0.00178222
-0.00559038	0.00987109	-0.00182561
-0.00487776	0.00514486	-0.00233358
0.00225228	-0.00105279	0.00780795
0.00216651	-0.00343233	-0.000606661
0.00494401	-0.00471398	-0.00311799
0.00410417	-0.0146785	0.00149379
0.00774185	0.000491468	-0.00294344
-0.00243675	0.0236305	0.0013428
-0.00259265	0.000209435	0.0012885
-0.000975	-0.0233097	-0.00249424
0.0065812	0.00820289	-0.00363721
-0.00302827	0.000620699	-0.0132902
0.00468102	-0.00156689	-0.00129825
0.000292159	-0.0135614	0.00753956
0.00399198	-0.00550261	0.00189502
0.000474982	-0.00542805	0.00894957
-0.00202181	-0.00647869	-0.00150363
-0.00483849	-0.0027023	0.00334308
0.00394591	-0.00545358	-0.00121345
-0.00579144	0.0183925	0.00718192
0.00743883	-0.00524763	0.00288041
0.000182241	-0.0100743	-0.0030865
-0.00348921	0.00130985	0.000451055
0.00121803	0.00426001	0.00594887
-0.00504683	-0.00216196	-0.00191168
-0.0078316	-0.0101183	0.00402634
-0.00763706	0.001122	0.00110622
0.00209383	0.0101775	-0.0016694
0.0138864	-0.00428419	-0.00295794
0.00386502	-0.00229045	0.002717
0.00370456	0.00712446	0.00404002
-0.00904481	0.000657783	-0.00382579
0.000206841	0.00840131	0.00535584
-0.0190545	-0.0173695	0.000543239
0.000636022	-0.00653791	-0.00116672
0.0126267	0.0119398	-0.00308563
-0.00599039	-0.0040933	-0.00331062
0.00160674	-0.00589001	0.000717347
-0.0101989	0.00716224	0.00133457
-0.0038621	0.00765422	0.00499273
-0.005851	-0.0066582	-0.00488781
-0.000465004	-0.00271572	0.00412675
0.00495594	0.0102884	-0.00219824
0.000915396	0.00431571	0.0038833
-0.0103728	-0.0104347	0.00146749
0.00729179	0.00569721	-0.00382051
-0.00296024	-0.00839619	0.000247218
0.00331255	0.00646775	0.00123296
-0.00132874	-0.00289233	-0.00665611
0.000877047	-0.00362217	0.00566402
-0.000368199	0.00720641	0.0047244
0.00590385	0.0142443	-0.0046955
0.00961257	0.0132317	0.0034969
0.00594724	-0.00442942	0.00237362
-0.0065996	0.00494383	-0.00311131
0.00169693	-0.00413858	-0.011516
-0.0059007	0.00245924	0.00322072
-0.00105805	0.00315435	0.00744861
0.00262567	-0.0066106	-0.00236062
-0.00140369	-0.000862653	-0.00860758
-0.000103797	0.0113206	0.00333755
0.00912389	0.00010338	-0.012552
0.00303035	-0.00879664	0.00174134
-0.011246	-0.00572671	0.00245959
-0.0109787	-0.00311085	-0.00632141
-0.00365482	0.00265525	-0.00153211
-0.00113542	0.00645828	0.00450002
0.00610874	-0.00114306	-0.00311042
0.000485566	0.00881812	0.00383673
0.00659429	0.00473967	-0.00102256
-0.00792634	-0.00842249	-0.000172723
-0.003656	-0.0049944	0.00125812
0.00173278	-5.20871e-05	-0.00477207
0.00433818	0.00111393	0.00234095
0.00487007	0.00524115	0.00284546
-0.000826239	0.0100362	-0.0047843
0.00618843	-0.00418	0.00708474
0.000585219	-0.0206055	-0.00534107
-0.00916786	-0.00181029	0.0002789
0.00320646	0.0175158	-0.00576704
0.00543754	0.00243896	0.00363586
-0.00766056	-0.0104342	0.00290258
0.00408428	0.00597292	-0.000868021
-0.0017804	-0.011377	0.0111809
0.00987734	0.00518285	-0.00034053
-0.000932577	-0.0160349	-0.0147067
0.00265805	-0.0024951	0.0026207
0.000291275	-0.00482236	-0.00404286
-0.00319322	-0.000551539	0.0115927
-0.00584525	-0.00589415	-0.00887885
-0.00806817	-0.0136669	0.00515469
-0.00131739	-0.00448204	-0.00611673
0.0142287	-0.00288651	0.00479358
-0.000642794	0.0082999	0.00199737
-0.00728272	0.00438356	-0.000399558
0.00239719	-0.002415	0.00528766
0.000834436	0.00331952	0.00462941
-0.00107556	-0.00617224	-0.0017463
0.000260149	-0.00490347	-0.00754986
-0.00150556	0.00528399	0.00431809
0.0073152	-0.000402411	-0.00165504
0.00686707	0.00616374	0.0082106
-0.00550645	0.0106468	0.00902513
-0.00303987	-0.00724174	-0.00376348
0.00865158	-0.014077	-0.00757183
-0.00525666	0.00256248	0.00503022
-0.000997248	-0.0107545	-0.00827999
-0.016216	0.0154342	0.00296124
0.00421172	0.00922705	0.00206832
0.00938066	-0.00851941	-0.00445059
-0.00919169	0.00294005	0.00431648
-0.00211346	0.000646831	-0.00386318
0.00489765	-0.0115646	-0.00434753
0.00165218	0.000972887	0.00442305
-0.00438352	0.00528104	0.000599528
0.00719908	0.00724958	0.00199031
0.00155681	-0.000299398	0.00152879
-0.00797273	-0.0155566	-0.00836651
0.00529424	0.00658329	-0.00289039
0.00125408	0.0117222	0.00876664
-0.00440545	-0.00497271	-0.00621997
0.00484197	0.00399614	-0.0162253
-0.00490119	-0.00469095	0.00667639
0.000814741	0.0122343	-0.00477384
-0.00279974	0.00621	0.000822393
-0.00305557	-0.00921599	-0.00592082
-0.00174153	-0.000570778	0.000281584
0.000626777	-0.00333442	-0.023905
0.00486795	0.00526075	-0.000160414
0.00345882	0.0127925	0.00227336
0.00302728	0.00415655	-0.00860886
-0.00373523	-0.000408472	-0.00590713
-0.00915477	-0.00864548	-0.00203473
0.0024554	-0.013593	0.00269752
0.0125004	-0.000860147	-0.00757113
-0.00267383	0.0120308	-0.00729813
-0.00314094	0.000442743	0.00397779
0.00780791	-0.00153225	0.0180883
-0.00188379	0.00311759	0.00311032
-0.00616166	0.00494873	0.00126981
-0.0142181	-0.00196298	0.000517989
-0.00348103	-0.0130721	-0.00819911
0.00684306	0.000282567	0.00238517
0.00198768	0.00938076	0.00439499
-0.011101	0.00436419	0.00309122
-0.0053349	-0.00446563	-0.00532033
-0.0111849	0.00274286	0.00505923
-0.00768681	-0.0140348	-0.00479296
-0.00739265	0.000344723	0.00294812
-0.00150866	0.00657527	0.00349871
0.00338108	-0.000336359	-0.00089367
0.00506625	0.00422283	-0.00286828
-0.00640673	-0.00437695	-0.000718692
-0.00160467	-0.0107121	-0.00435923
-0.00426465	0.00833433	-0.00531144
-0.00782743	-0.000582681	0.00202026
0.0161914	-0.00169125	-0.00186325
0.00201741	0.00807017	0.0159069
-0.0117051	-0.0120026	-0.00566371
0.00548548	-0.000344638	-0.00309219
0.000934056	0.00960301	0.00783039
-0.00485455	0.00600596	0.000590926
0.00162952	-0.00640716	0.00515095
0.00207461	-0.0197361	0.00489637
0.00890554	0.0105007	0.00930076
-0.00397955	0.0112805	-0.00210276
-0.00542902	0.0030805	0.00548821
-0.00069654	-0.00623785	-0.00760636
-0.00173427	-0.00453687	-0.00299044
-0.00679073	-0.00444026	-0.000249667
-0.00314167	-0.0213973	-0.00558046
-0.00235795	-0.0119242	0.00681662
-0.000670114	0.00786493	0.00537713
0.00335121	0.0217232	0.00834882
-0.000873948	0.00526094	-0.0014471
0.000771411	-0.0168204	-0.00583947
-0.00577034	-0.000427527	-0.00153067
0.00166047	-0.000955147	-0.0064655
0.000281234	-0.00136711	-0.0058218
-0.00871768	0.0066129	-0.00854271
0.000550849	-0.00326042	0.0092052
0.00388833	-0.00420729	-0.00324642
0.00952427	0.00619107	-0.00160291
0.000785153	-0.00263257	-0.00571735
-0.00652492	-0.0120257	-0.00675284
-0.00547059	0.00469512	0.00432121
0.0108794	0.0077164	0.00200118
0.00115415	3.83653e-05	-0.000757388
0.0081644	0.00423891	0.00370985
-0.00733359	-0.00520238	-0.00026326
-0.00123832	-0.00435119	-0.00407715
0.00679168	0.000717667	0.00226202
0.0006658	-0.00586575	-0.00160685
-0.000772698	0.00838925	0.00758699
-0.00318996	0.0116807	0.00542716
0.00367203	-0.00894066	-0.00447131
0.00552199	-0.00408971	0.00323249
0.000588921	0.010401	-0.0025059
-0.0177222	-0.0105183	-0.000111547
0.00522452	0.0042361	0.00302196
0.00638889	0.00907415	0.00421415
-0.00627729	-0.0143418	-0.00576448
-0.00109519	0.000945825	0.000950966
0.000778165	0.00358674	-0.00243527
-0.00293773	0.0028583	-0.00652635
-0.00213683	0.00448293	0.0110768
-0.00535372	-0.00677012	-0.000425813
-0.000406042	0.0240558	0.00712133
-0.00614915	0.013621	0.00330408
-0.0020622	0.0022474	0.00377752
0.000875243	0.00242052	-0.00282367
0.00129512	0.00168816	0.00537893
0.00549101	0.00277406	-0.0227163
0.00245889	0.0198884	-0.00386177
0.00661222	0.006337	0.000977656
0.00160549	0.00116419	-8.06674e-05
-0.00386686	-0.0083793	-0.00179762
-0.00155188	-0.0155424	0.00270844
-0.000298176	0.0109437	0.00739247
-0.00114478	0.0271045	0.0129025
0.000176714	-0.00362817	0.00947718
-9.63532e-05	-0.0169323	-0.00168548
0.00223937	0.00558157	-0.00330033
0.00337501	0.00141261	-0.014962
-0.000385524	-0.00842551	-0.00763952
0.00480376	-0.0106782	0.0072004
-0.00845281	0.00940241	0.00127379
-0.0125996	0.0197283	0.00851268
-0.0040536	-0.00514685	-0.00362028
0.00400982	-0.0226318	-0.00947095
0.00401884	-0.00524956	-0.00328211
-0.00224177	0.0113729	0.0133379
-0.00213079	-0.0016905	-0.00761316
-0.00932729	0.0186178	0.0123518
-0.00327961	0.000943345	-0.00516898
-0.00108887	0.0039198	-0.000792029
-0.0105542	-0.000826776	0.00715552
0.00599574	-0.0167773	-0.00341653
0.00537655	0.00221189	-0.00311573
-0.00164602	0.0154996	0.011451
0.00113857	-0.00963372	-0.000372025
0.00163464	0.00468723	0.00180726
0.00541219	0.0137832	0.00632205
-0.00825456	-0.0229003	-0.0154782
-0.000239651	0.00610671	0.00456293
0.00378366	0.00896382	-0.00711955
0.00414639	-0.0138531	-0.00443263
-0.00146394	-0.00522699	0.00580026
-0.00125698	0.00826398	-0.0105541
0.00268538	0.0113028	-0.00111072
0.00440124	-0.0135422	-0.00651416
0.00110177	-0.0209876	0.00279743
-0.00331341	-0.00917315	-0.0070891
0.00536327	0.0294194	0.00930947
-0.0039639	0.0024592	-0.0095206
0.0032945	-0.0101411	-0.00119714
-0.00776231	0.00319746	0.00632483
-0.00150068	-0.0149531	0.0300861
-0.000703188	-0.0101197	0.0122251
-0.00651366	-0.00270603	0.00260161
-0.00863252	0.00780289	0.00198735
0.00334423	-0.00145377	-0.0102074
0.0126343	-0.000161874	-0.00232477
0.00292156	-0.00699878	0.00119956
-0.00416026	-0.00184282	-0.00653921
-0.00414727	0.00520945	-0.00318391
0.00489124	-0.00149648	0.00576896
-0.00235304	0.00768721	0.0127591
-0.000845332	-0.00844526	0.00148527
0.00376388	-0.0059173	0.0127184
-0.00185189	0.0139486	-0.00595251
-0.00771352	0.00818522	-0.00233494
0.00502686	-0.018813	0.00270352
0.0134795	-0.00610749	0.000823164
0.00197301	0.0226794	0.00997026
-0.0141823	0.0086958	0.00248348
-0.000904322	-0.0126187	-0.00465231
0.000464934	-0.00681727	-0.0089434
-0.0133447	-0.0100596	-0.00287115
0.00204196	-0.0171413	-0.00637023
0.0105679	0.00960315	0.00991021
0.00205558	0.00385638	-0.00508666
0.000230126	0.0026913	-0.00399591
-0.000238536	-0.00292161	-0.00213875
-0.00759731	-0.0094484	-0.00306284
-0.00130829	0.0105021	-0.00305155
-0.00372036	0.00192049	-0.00309227
0.000133968	-0.0235003	0.000784048
0.00415603	0.00483307	-0.00603345
0.00886904	0.0206133	0.00302834
-0.00951548	-0.00949659	0.00142102
-0.00485266	0.00561524	0.00961257
0.000205361	0.00313713	-0.00098599
0.00212886	-0.00995995	0.0152283
0.00700834	-0.00196187	0.00639483
-0.00180049	0.00955754	-0.0181097
-0.00782863	0.00988922	0.00586471
0.00040592	-0.00587086	-0.00371093
-0.0042175	-0.00236233	-0.0113222
-0.00322214	-0.00162009	-0.0190843
0.00458762	0.0158279	-0.0115078
-0.00395052	0.0113476	-0.0105033
-0.00285795	0.0167242	0.0142742
0.0122089	-0.000211528	0.0155041
0.00989482	0.028101	0.00274911
0.00306857	0.0272875	-0.0110649
0.0028455	0.00512025	0.0129562
0.0131527	-0.00656439	0.00961274
0.00514846	0.0108452	0.0046701
-0.00425391	0.00204803	0.00746741
-0.0138727	0.00266646	0.000303429
0.00477287	-0.00150273	-0.0133508
0.0150899	-0.00766614	-0.00672498
-0.000969702	-0.0103168	-0.0138465
-0.0119364	0.0018322	-0.0138945
0.00494449	0.00816608	0.00605549
-0.00175488	0.00344393	0.00683333
-0.00708236	-0.00235232	0.00346675
-0.000978339	0.00451651	0.00955379
0.00111406	0.00654149	-0.0101381
-0.00723989	-0.00960529	-0.0043826
-0.014011	-0.0198905	-0.00276423
-0.0036876	-0.00455645	-0.000167189
0.015327	0.019547	0.00677634
0.00538859	0.0164821	0.0105117
-0.00966237	-0.00892469	-0.0108695
0.00529212	0.0146358	0.0137529
-0.026721	-0.00715185	-0.0104774
-0.00998807	-0.00864837	0.00113587
0.00035539	-0.00715071	0.00118533
-0.00613722	8.59665e-05	-0.00791438
0.00751511	0.0183764	0.00241276
0.00634543	-0.00677767	0.00208413
0.00603318	-0.0156014	-0.00860396
-0.0026642	0.016498	0.00921276
-0.00613006	0.00443754	-0.00354171
-0.0105252	-0.0158441	-0.0050592
-0.00354788	0.0032786	0.00342131
0.015871	0.000577561	-0.00586967
-0.00105705	-0.000542953	0.01621
-0.00523136	0.00711324	-0.000680148
0.00344586	0.00613756	-0.0165231
-0.00576066	-0.00505924	0.0118134
2.92607e-05	-0.0175739	0.00944752
0.00586728	0.00983784	-0.00901705
-0.0022986	0.00238092	-0.00715661
0.00814562	0.000341682	0.00506426
0.00484975	-0.00544197	0.00364144
-0.00506861	-0.0274275	-0.0188782
0.00420711	0.00784027	-0.00904144
0.000277389	0.0146741	-0.00754753
-0.000194068	-0.0245332	-0.0138247
-0.0179938	0.00309771	0.00924842
0.000508807	-0.0517976	-0.00999931
-0.00594305	-0.0064762	0.01145
-0.00347144	0.00247383	-0.0101594
-0.00806688	-0.00400798	-0.00104702
-0.0060248	-0.0160463	0.00154854
-0.00437914	-0.00936219	-0.00212247
-0.00168569	0.010327	0.00169724
0.0035173	0.00245846	0.0055875
-0.0127504	0.00675365	0.000184698
-0.00648253	-0.0135317	0.00765512
0.00606636	-0.00723455	0.010033
0.00788224	0.00525582	-0.00329043
-0.000721017	-0.004096	-0.0168618
0.00116679	0.00864019	-0.000103725
0.005966	0.00436692	-0.00451074
0.00284267	-0.0158044	0.00150398
-0.00240929	-0.0034051	0.0107997
0.00250171	0.0234889	-0.000209811
0.011251	0.00828782	-0.000528959
-0.00327039	-0.0192882	-0.00780365
-0.02446	-0.0125693	-0.00451159
0.00272338	-0.000222456	-0.00153569
0.0122486	0.00807255	0.0134059
-0.00167747	0.000553378	-0.00632273
0.0146316	0.0273845	0.00894099
0.00141505	-0.00371318	-0.0085277
0.000750166	-0.0118668	0.0040542
0.00589068	-0.0037489	0.00594695
-0.00240891	0.00597683	-0.00139252
-0.00833075	0.0117312	0.00567607
-0.00267008	-0.0121618	0.00412969
0.00718952	-0.00810835	-0.00506794
0.00618216	0.0234518	0.00270186
0.00653967	0.00187182	0.00727495
-0.00254861	-0.0194098	0.0024365
-0.00623838	-0.00228931	-0.00832958
0.0061058	0.000501399	-0.0179791
-0.000366543	0.00768932	0.00758783
-0.00608272	0.00890802	-0.00933685
0.00211068	-0.00209845	0.00122277
-0.000384542	-0.0154082	-6.70058e-05
-0.000889582	-0.00472642	0.00586039
-0.00183628	0.0203437	0.00373899
-0.0054066	0.0101672	0.00609796
-0.00687358	0.00185571	0.00742891
0.00551036	0.0193559	0.00838931
-0.0119737	-0.0220255	-0.0175323
0.000487323	0.0301824	0.0118549
-0.00757299	0.0250714	-0.00564681
-0.00164418	0.00928169	-0.00188207
0.00216547	-0.00871422	0.00436777
0.00295481	0.0219398	0.00713503
0.00848611	0.0295677	-0.00043211
0.00632943	-0.00768299	-0.00819192
0.00274842	-0.0144301	-0.00982481
0.00440935	0.0145606	-0.0102902
0.00507923	0.0167489	-0.00529055
0.00352403	-0.0109197	-0.0074848
0.00494984	-0.0152615	0.000206159
0.00510953	0.00418662	-0.00263874
0.00990972	0.0222322	0.0199568
-0.00618085	0.0163553	0.00559786
-0.00632993	-0.00818372	0.0021743
0.00315956	-0.00106681	0.0148099
-0.00329082	-0.0035931	-0.00483885
0.00215039	-0.0140231	-0.0111752
0.00220085	0.0056691	0.00437332
-0.00687877	0.00305654	-0.00561791
-0.00356318	-0.00961464	0.00106295
-0.0162252	0.00193828	0.0064758
-0.0104263	0.00752388	-0.0027286
0.0129252	0.00592126	0.00427965
0.0194836	-0.0087641	-0.00156913
-0.00451946	-0.00866104	-0.0101806
-0.0219582	0.00572719	0.00364416
-0.0191546	-0.0150897	-0.00469311
-0.0255168	-0.0174397	0.00608989
0.0100889	0.0139106	0.0010138
-0.00421051	0.0221932	0.00215834
-0.0128915	0.00116076	0.00871736
0.00292192	-0.0163768	-0.0013894
-0.00368513	-0.000264317	-0.0045356
0.00560387	0.0136055	0.00226703
-0.00550928	-0.0144251	-0.0103735
-0.00594695	-0.013368	0.00376915
0.00667426	0.0153433	0.00259816
0.0012581	0.0176161	0.00416452
-0.00786815	0.00628004	0.0163803
-0.00490349	-0.0173174	-0.0117373
0.00357569	-0.00986423	-0.00734559
0.00212854	-0.00282967	0.00809569
0.000396289	-0.00206786	-0.0147538
0.00456339	0.0223613	0.00941186
0.00208256	-0.010249	-0.00100555
0.00216152	-0.0203725	0.00580126
0.0097354	0.00588934	0.00772419
-0.00420482	0.00180054	0.000561752
-0.00692217	0.00305214	0.00838179
0.00812799	0.0048372	-0.00298032
0.000693793	-0.0167003	0.0263847
-0.00378142	-0.0119456	0.00271309
7.23618e-05	0.0264642	0.0154533
-0.00442976	-0.0112126	0.0103055
0.000895083	-0.0159087	-0.0276375
-0.00228253	-0.0241631	0.00614517
-0.0189048	-0.00656875	-0.0162755
-0.0144076	0.00372057	0.00333438
-0.0045351	-0.0178862	-0.000309273
-0.00275286	-0.0166213	0.0140344
-0.00243885	-0.00546627	-0.0100482
-0.00823579	0.00683835	-0.0135659
0.00467932	0.00174213	0.00353313
-0.00969411	0.00423453	-0.00167896
-0.0103294	-0.0224501	-0.00904796
0.00119019	-0.0262861	-0.00957537
0.00942602	0.0194521	-0.00307343
0.00273106	0.0247056	-0.00271855
-0.0083167	-0.00596921	-0.00127586
0.00183055	-0.00199423	0.0140223
-0.00432645	0.00203746	0.00137072
-0.00934817	-0.00868707	-0.0126947
0.00774582	0.00208822	0.000424751
0.00771983	0.00369538	-0.0053771
0.0150565	-0.0105082	-0.00336634
-0.00867509	0.00456948	0.0046276
-0.0238448	0.000720194	0.000307443
-0.00491839	-0.00157278	0.00189402
0.0194241	0.00948398	0.00583978
0.00990074	-0.00234493	-0.0102354
0.0161954	0.00669837	0.00788671
0.00295296	-0.00990532	-0.00172357
-0.0147844	-0.00407393	0.00227579
0.00478688	-0.000396632	-0.00889253
0.0113441	-0.00256511	-0.0093779
0.00920147	-0.00614016	0.00150218
0.000411625	-0.00435745	-0.000638453
-0.00611714	0.0164268	0.00435307
0.00357805	0.0103551	0.00975071
0.000967219	-0.0127034	-0.00581481
-0.0160576	-0.0105054	-0.00147398
0.00496229	0.000460752	-0.0136408
0.00662771	0.00451283	0.00492685
0.00189837	0.00727681	0.0193311
7.20561e-05	-0.00962015	-0.00603093
-0.00266551	-0.000391188	0.0062387
-0.00824777	0.00909589	-0.00361101
-0.00140595	0.00520012	-0.000755906
0.00339049	0.00570259	0.00272334
-0.0009872	-0.00150844	0.0010299
-0.0121717	-0.0162351	-0.00921487
0.00689046	0.00295674	-0.00238987
-0.00102105	0.012238	0.00753096
-0.0141173	0.00824797	-0.00564114
0.0023424	0.0140774	-0.00602427
-0.00805353	-0.0175321	0.0481654
-0.000993195	0.012604	0.00790656
0.000296774	0.0302996	0.0217327
0.00414785	-0.00768463	-0.0252251
-0.00513759	0.00752219	0.0109082
-0.00493793	-0.00772701	-0.0163339
-2.62902e-05	0.00155041	-0.00619827
0.023528	-0.00627568	-0.00613902
0.00051564	0.0177319	0.00744486
-0.00321241	0.0110462	-0.0138587
0.00367919	0.0140716	0.00681649
0.00427558	-0.00395621	0.0142833
0.00226086	-0.00767197	0.0076197
-0.00841898	0.0132437	0.0128055
0.012223	0.00590887	-0.00651632
0.0106088	0.0196301	0.0106191
-0.0117728	-0.0129311	-0.0119168
-0.00957883	-0.0346597	-0.00946567
0.00237956	0.00181504	0.00460871
0.00423726	0.00345448	-0.00808295
-0.00468253	0.00593145	0.00387121
0.00470276	0.0110006	0.010853
0.00662554	-0.00238586	0.00126238
-0.0143858	0.00175661	0.00202515
-0.00816626	-0.00176131	0.00035364
-0.0108963	-0.0104999	-0.00357039
0.00566373	-0.00794064	0.00348172
0.0168476	0.0127795	-0.00368056
-0.0116165	0.00923011	-0.00257964
0.000728467	-0.0150107	0.00133184
-0.000656333	-0.00175311	0.00709661
-0.0103272	0.00509277	-0.00948144
-0.00675724	0.0230888	-0.00271783
0.0154194	-0.00539086	0.00203006
-0.00589598	-0.0152412	0.00549609
-0.0195627	0.00216004	0.00116285
-0.00075438	0.0151187	0.000557522
0.000629087	-0.00126045	-0.000413878
0.00441446	-0.0120895	-0.00387598
-0.00555237	0.00549385	0.00710459
0.00597234	0.0138529	-0.00110476
0.00708045	-0.00211563	-0.000911162
-0.00834469	-0.0218714	-0.000628
0.00119696	-0.00768567	-0.0215875
-0.00578783	0.022437	0.00200134
0.00146713	0.011401	0.014628
0.00242145	-0.00903239	0.00344385
0.0104593	0.00548072	0.0161964
-0.00476965	-0.0103796	-0.0204077
-0.00806064	0.00312197	0.00151028
-1.14511e-05	0.00957636	-0.00740806
0.00655629	-0.00533371	-0.00449849
-0.000937043	-0.0226752	-0.00962854
0.00715292	-0.016386	-0.00445043
0.0117963	0.00866264	0.0290731
-0.00265723	-0.00970827	-0.00764957
0.00763011	0.0107067	-0.0211005
0.000289731	-0.0236985	0.00705342
0.00462541	-0.0269074	0.0121924
0.0042029	0.0017898	0.00419692
-0.000547703	0.00640884	0.0336479
0.0060902	-0.00692955	-0.005037
0.000338999	0.0202769	0.0237342
0.00212923	0.0111054	-0.0105423
-0.00165169	-0.00660553	-0.00357628
-0.00955268	-0.0159556	-0.0015587
0.00220507	-0.0231476	-0.00296144
0.00073513	0.017996	0.0162864
-0.0031511	0.0142663	-0.00110016
0.00129573	-0.0069043	0.00299528
0.000204895	0.00124624	0.00492576
0.00342251	-0.00924956	-0.0113855
-0.00400603	-0.0126847	0.0110165
0.00161837	0.0167186	-1.29345e-05
0.0129272	0.0357429	0.0103167
0.00758417	-0.00305643	-0.00240545
-0.00571147	-0.0281802	-0.00764187
0.00216126	0.000173162	0.000984734
0.00566952	0.00299742	-0.00654413
-0.00352384	-0.00564122	-0.000638286
-0.00165697	0.0100244	0.0210451
0.0109415	0.00296245	-0.00292851
0.00157761	0.00851721	0.00149984
-0.00231759	0.00491585	0.00621072
-0.00408851	-0.0193852	-0.00765984
-0.00863282	-0.00472426	0.00609116
0.00910926	0.0176537	0.00644486
-0.00663794	0.0073367	0.000778411
-0.0097304	-0.00981032	-0.00623506
-0.0101265	-0.00154142	0.0060308
-0.00691001	-0.0112224	-0.0101322
-0.00894442	0.00376533	0.000514823
0.000577921	-0.000318722	0.000170613
0.0169841	0.000545103	0.000751613
0.000958192	0.00872744	0.00133563
-0.00674545	-0.00172597	-0.000375728
-0.0001222	-0.0158476	-0.0103871
0.00107832	-0.00721928	-0.00862608
-0.00222408	-0.0015443	0.00373439
0.00741534	0.00995389	-0.00800457
0.00159455	0.0214973	0.0197507
-0.00608907	-0.0104003	0.00221506
0.00647187	-0.0141833	-0.00867751
-0.00343611	0.00273331	-0.00204565
0.00645449	-0.00027344	-0.00848898
-0.0017988	-0.00899674	0.00138241
0.00379421	0.00183302	0.0145576
0.00258549	-0.00740508	-0.0133246
0.00413888	7.17592e-05	-0.00369545
-0.00652144	0.0153253	0.0028833
0.00405679	0.0161206	0.0081028
-0.00127872	-0.0120549	-0.0150276
-0.0061824	-0.00776444	-0.00162782
0.00020779	0.0122774	-0.0144142
-0.00308556	0.00874393	-0.00364699
0.00214023	-0.0119139	-0.0132363
0.00977212	-0.0450562	-0.00193088
0.0116868	-0.0175001	-0.0178976
0.00416674	-0.00821194	-0.0028937
0.00302473	-0.00271755	-0.0104761
0.00134996	0.0186115	-0.0103039
0.00309225	0.00141004	0.0121021
-0.000817684	-0.0106423	0.00506292
-0.00661429	0.00340926	0.02179
0.00215637	0.0249092	0.00137792
0.0126612	0.0114271	0.00866164
-0.00145391	-0.00669725	-0.0179056
0.00414566	-0.0105163	-0.0018921
-0.000480666	-0.00309528	-0.0129338
-0.00628542	0.00423218	-0.000799363
0.00383774	-0.00812935	0.00701085
-0.00265181	0.00543694	-0.00869608
-0.00719231	0.00739493	-0.00324075
-0.00911415	-0.0376694	-0.00540569
-0.0106426	-0.00820408	0.00200342
0.00050613	0.0313614	0.0131294
0.00368183	0.00766589	-0.00354911
-0.00290384	-0.00449977	-0.000909693
-0.00115644	-0.00495452	-0.00574853
-0.00214607	-0.00377612	-0.00693269
-0.00690427	-0.00581958	-0.0112679
-0.0147847	-0.00857522	0.00365594
-0.00665887	-0.00967717	-0.00381434
0.00420457	0.0125018	-0.00165165
-0.00226752	0.023857	0.00469221
0.00177352	-0.0221569	-7.85022e-05
-0.000482331	-0.0228531	-0.00367017
0.0168871	0.0200988	0.000195828
-0.00599634	0.0109737	-0.00120345
0.00869523	-0.00323131	0.0127058
-0.0109017	-0.00122897	0.0117566
-0.00203024	0.00438437	-0.00460338
-0.00647732	0.00401986	-0.00433182
-0.00855227	-0.00211489	-0.00339124
0.0050019	-0.0088816	-0.00318779
0.000537548	3.72005e-06	0.00560831
0.00616908	0.0165738	0.00944315
-0.0092838	0.00127761	-0.00217885
-0.00350617	-0.00526161	0.00190275
-0.0090362	-0.00598971	0.00761441
-0.00170492	0.00710869	-0.00845408
0.00750083	0.0113923	0.0161554
0.00186467	-0.0171251	-0.00177978
-0.00110961	0.00106712	-0.00833637
-0.00926736	0.0144641	-0.00500392
-0.00492443	-0.00902114	-0.0139225
-0.00253679	-0.00415511	0.00581943
0.000527124	0.00927112	0.0101036
-0.00683459	-0.00555502	0.00858321
0.00695772	0.0106748	0.00630341
-0.0105693	0.0152695	0.00813343
0.00124402	0.00479006	0.0128946
0.012276	-0.0165204	-0.00868473
-0.00123839	-0.0206107	0.00679197
0.00951598	-0.000331181	-0.0268541
-0.00526603	0.00538775	-0.00304997
0.00304706	0.0102172	0.00677896
0.00951856	-0.0264262	-0.0144053
0.00738207	-0.0283927	-0.00223667
0.00443996	-0.030265	-0.0094848
-6.46423e-05	-0.0135204	-0.000300364
2.61268e-05	0.00420574	0.0121132
0.00481082	0.00816305	-0.037123
0.000283837	0.0142232	0.0185491
0.00633338	-0.0115464	-0.00804572
0.00101839	-0.00161679	0.00564688
-0.00456962	-0.00619125	0.0122843
-0.0145819	0.0105327	0.0128932
0.00928414	0.00752665	0.0084549
0.00529877	-0.0106944	-0.000419418
0.00475222	-0.00767964	-0.000818088
0.00110336	0.0124195	-0.00466535
-0.00165558	0.00274587	0.000377357
0.000482459	0.00112563	0.010253
0.00975144	0.0110569	-0.00914979
0.0105873	0.00559076	0.00375149
0.00225329	-0.0192007	0.000456852
-0.0105872	-0.00690936	0.00846079
0.000939648	0.0179296	0.0126833
0.00532886	0.00788921	0.00423246
-0.00200578	-0.00377949	-0.00209305
0.00577088	-0.0022516	-0.00250985
0.0127703	-0.00313572	-0.0114776
0.0109187	0.00589576	0.00284321
-0.00480456	0.00184416	0.00895582
-0.0209234	-0.00963762	-0.0034389
-0.00136907	-0.00108085	-0.00371903
0.00682679	0.0145279	-0.0079842
-0.00578443	-0.0104712	-0.00517713
-0.0032399	-0.0229123	-0.00762641
0.00842252	0.00951405	0.0142096
-0.00468199	-0.00646591	-0.0191667
0.00623035	0.00927187	0.0105672
0.000650258	0.00216504	-0.00169515
0.000951571	0.00837422	0.00978772
0.00532618	-0.00367843	0.00588773
0.00423976	-0.0113729	-0.00486013
-0.0105074	0.00592212	0.00143168
-0.00521088	0.00463975	0.00577307
0.0173129	0.00328466	0.00281386
0.000179283	0.00547388	-0.0018716
0.00857782	-0.010654	0.00536097
0.00444984	-0.0195772	-0.0121125
-0.0115402	0.0152309	-0.00138222
-0.00501222	0.0133473	-0.00156063
0.00365069	-0.00783847	-0.000203177
0.00111751	-0.00537152	0.00770882
0.00883518	0.00249887	0.000792709
0.00368926	0.0045404	-0.0137254
-0.0029903	-0.00089175	0.00725196
0.0055261	-0.00996498	0.0010735
0.00738265	-0.0219159	-0.00852143
0.00487717	-0.000644879	-0.00499059
-0.0101228	0.0183779	-0.00194425
-0.00994519	0.00779272	-0.0146684
0.00254416	0.0136708	0.019724
-0.0134773	-0.0155764	0.0192473
0.00612942	0.0136167	-0.000889046
-0.000382893	0.0207115	-0.000989649
0.00793078	-0.00695642	0.00711931
0.00328185	-0.0324653	-0.0111135
0.00608421	-0.011083	0.00446858
0.00261967	-0.0386988	-0.0184497
0.00121164	0.00671879	0.00702796
0.00159944	0.0184814	-0.0174276
0.000195121	0.00798237	0.00685229
-0.00357884	-0.00533499	-0.00267548
0.000172326	-0.0108671	-0.0092494
-0.000903594	-0.00164374	-0.0215226
0.0111275	-0.00251779	-0.00420637
0.00873969	0.00970799	-0.00406255
-4.34867e-05	-0.00380281	-0.00892875
-0.0144635	0.010747	0.0131601
-0.00835571	-0.00244269	-0.00291895
-0.00381452	-0.0129919	0.00886947
0.00291279	-0.00381789	-0.00659682
-0.00238717	0.00783776	-0.0206103
0.00581192	-0.0138173	0.00485173
-0.010038	-0.0079423	0.0125838
-0.00735267	0.0211401	-0.00773123
0.0106803	0.00558521	-0.00509642
0.00919979	-0.0156572	-0.016018
-0.00967438	-0.00369164	0.00177206
-0.00606761	-0.00353438	0.00234046
-0.00239853	0.00235489	0.0114809
-0.00462534	0.00358819	0.00354353
-0.0138604	0.000811575	0.00634515
-0.0117326	-0.00384203	-0.00732055
0.0094431	0.0012107	-0.00252193
0.0195826	-0.00468359	0.00344137
-0.00595976	-0.00926291	0.00262747
-0.0100085	0.0188491	0.00708133
-0.00110803	0.0210624	0.00688856
0.013189	-0.0172199	-0.00358894
-0.0124757	-0.0121052	-0.00724755
-0.00432652	-0.006062	-0.00671304
0.00413344	-0.00952465	-0.0133863
0.00114036	0.00531679	0.00735944
-0.0121569	-0.00299614	-0.0054611
-0.00630568	0.00627529	0.00603523
-0.00515403	0.00866819	0.00888596
0.00869607	-0.00813379	-0.0130003
0.0085815	-0.00729413	-0.00718322
-0.0192737	-0.00534439	0.00114127
0.00530973	0.00819984	0.000898674
-0.0126142	0.0132563	-0.00579911
-0.00179963	-0.00597604	0.0066342
0.00896268	-0.0121543	-0.00832872
-0.00196454	0.0102203	0.00871433
0.00221019	-0.00555572	0.00286896
0.00155682	-0.00639714	0.00270051
-0.008815	0.0121483	0.00860595
0.00572553	0.000104804	0.00758326
0.00793706	-0.00577352	-0.0114968
-0.00274839	0.0214431	-0.000411818
-0.0131704	-0.00168056	0.00359013
-0.00116224	-0.0302599	-0.0100981
0.00582192	0.00884559	0.00313789
-0.00335332	0.0173147	0.000978249
-0.00257688	-0.0106938	-0.0176557
0.0123575	0.00322019	0.0220045
-0.00178773	-0.0136601	0.00659444
-0.00222512	0.0201757	0.00404768
-0.0145849	0.0169338	0.0194652
0.000487905	0.000327441	-0.0026554
0.00306673	-0.00898637	0.00875668
0.00697492	-0.00150398	0.00223072
0.000161969	-0.0331171	-0.00207065
0.00276926	-0.0207514	-0.0185535
-0.000116641	0.00440479	-0.00145942
-0.00739769	0.0102966	-0.0120974
0.000452791	-0.0154984	0.0133741
0.00084825	-0.00356788	0.0125617
-0.00359294	0.000688307	-0.00820359
-0.00544982	0.00789205	0.00620291
-0.0115573	-0.00987942	-0.0111182
-0.011642	-0.0277743	-0.0137547
0.00556933	-0.0126804	-0.00429528
0.00747507	0.00415215	0.0057388
-0.00048878	0.020972	-0.00272163
0.00219265	0.00869929	-0.00357316
-0.00119099	-0.0122471	0.00525512
0.000770173	-0.0029648	0.00676123
-0.00259147	0.00774303	-0.000662701
0.00596812	-0.00600572	-0.00197899
-0.00207955	-0.00133179	0.00614194
-0.012154	0.00697249	-0.00607786
0.00337744	-0.00244472	-0.0114504
0.0121748	-0.00965575	-0.0104936
0.000247338	-0.00306829	-0.00522964
0.00133589	0.00612793	0.00240142
-0.00290247	0.0110536	0.00656695
0.0011126	0.00331894	0.00473531
0.00561533	-0.00767083	-0.000290836
-0.0160034	-0.0066971	-0.00872806
-0.0186756	0.00174532	0.0010164
0.00615059	-0.000604738	0.00221362
0.00828975	-0.0171239	0.00154277
0.00306627	0.00924865	0.00282122
-0.00282962	0.0338361	0.0178681
0.000770964	-0.00882369	-0.0132729
-0.00125111	0.0237789	0.0251399
-0.0175212	-0.00184287	-0.0094191
-0.00414162	-0.0152788	0.00102093
0.00493153	-0.0124122	-0.00768072
0.0067129	-0.000211825	-0.0156528
0.00988701	0.0102669	0.00125638
-0.00936235	-0.00316923	0.00469847
-0.00147449	0.00281866	-0.00054599
0.0055903	0.00217468	0.00353966
-0.00728043	-0.0173765	-0.00691916
0.00897134	0.00649625	0.00047056
-0.000702122	0.0140978	0.00549349
-2.42293e-05	-0.0189871	-0.0077215
0.00339634	-0.00118369	0.00224821
-0.00653902	0.0126146	0.00724618
0.000433531	0.00280752	-0.00273852
0.00105996	0.00420891	0.000993514
-0.0101529	-0.00858395	0.0012241
-0.00288162	0.000307244	9.37272e-05
-0.00289736	0.00472486	-0.00413314
0.00536277	0.00801391	0.00542571
0.00792317	-0.00477466	0.00350743
0.000333206	-0.027361	-0.000121803
0.00403394	-0.00230486	0.0160976
0.00387712	0.0201433	0.00528459
-0.0182188	0.0142449	-0.0148278
0.000422389	0.0137084	0.00436539
-0.00676062	-0.0353831	-0.00746554
0.00425463	0.00737212	-0.000573253
-0.00341141	0.0171647	0.0101975
-0.00331656	0.0213689	0.0223557
-0.00774825	0.0143938	0.013867
0.000647602	-0.00390685	-0.00477528
0.00214684	-0.0204318	0.010268
-0.00185039	0.0086713	0.0150201
0.00532301	0.00898177	-0.00165188
0.0107811	0.00789342	-0.0034038
-0.00187845	0.01037	-0.0163954
0.00120106	-0.0153373	-0.0287772
-0.00846836	0.00553988	0.0249963
-0.00107206	-0.00350118	0.00268646
0.00340413	0.0126807	0.00740689
0.0135294	0.0150393	0.00959861
0.00586768	0.00654214	0.00584242
-0.000384122	-0.00374353	-0.0127323
-0.00306408	-0.0190368	-0.0196415
-0.00148013	-0.00539841	0.00657034
0.00186095	0.015318	0.00875208
0.00019276	0.00590701	0.00485446
-0.00413757	-0.00139289	0.0100523
-0.00385557	0.00236351	-0.00735322
0.00294339	-0.00353306	-0.00843496
0.00889283	-0.00894227	0.00718264
-0.000814142	0.0107461	0.0139801
-0.01174	0.00927547	0.0145763
-0.00848422	-0.00966477	-0.00384039
0.00527016	-0.000715202	-0.00218886
0.000197572	-0.00147353	-0.0110689
0.00415074	-0.0137242	-0.00521453
0.00311687	0.000253774	0.00419268
-0.0125654	0.0185617	0.0104892
-4.48134e-05	0.00417434	0.00497923
0.00722125	-0.00462339	-0.00242289
-0.0016983	-0.00112186	-0.00259204
0.00585798	-0.00781145	-0.0110801
-0.0178886	-0.0113162	-0.00635712
0.0091607	-0.00469593	-0.00441059
0.00587657	0.0116315	0.0145569
0.0100927	-0.000774308	-0.00801494
0.00907714	0.0219425	0.0125522
-0.00622909	-0.00504822	-0.00714189
-0.00394134	-0.0032036	0.0112653
0.00327344	0.000106232	0.00110806
-0.00488911	0.000163407	-0.00540565
-0.00276048	0.00970012	0.013238
0.00232474	-0.00607162	-0.0044493
0.00104732	0.000516443	-0.00221177
0.00567718	0.00616304	0.00672678
-0.00930318	-0.0156153	-0.00511414
0.00275814	0.0134357	0.00233148
-0.00273398	0.0178292	0.0104496
-0.00386328	-0.019249	-0.0137521
0.00645742	0.00103994	-0.00468608
0.0036391	-0.00278457	-0.00349919
0.00874748	-0.0120125	-0.00517264
0.00141428	0.0154147	-0.00431609
-0.0056309	-0.00475166	0.00528047
0.00773286	-0.0281827	-0.00625499
-0.00495263	0.00760659	-0.00875064
-0.00375834	0.037384	0.00750448
0.00638733	-0.00185865	-0.00635524
-0.00455159	-0.0195705	0.00691092
-0.00199456	-0.00726539	-0.00508836
0.0181841	-0.000757331	-0.00576958
-0.00213001	-0.00947843	-0.000593849
0.00644677	0.000408078	-0.0185192
-0.0107073	-0.0124659	-0.00620279
0.00128502	0.0176558	0.0011219
0.00091118	-0.0184948	-0.012771
0.0112505	0.0183271	0.0195888
-0.0116838	-0.00617436	-0.00725585
0.00555613	0.0159533	-0.010804
-0.00168938	-0.0130119	-0.000604432
0.00336527	-0.00294122	-0.00368476
-0.00397174	0.012642	0.0174062
-0.00393362	0.00680199	0.00350403
0.00404135	-0.0324413	-0.00243649
-0.00565723	-0.00259445	0.0207071
0.00364039	0.00906651	0.00927738
0.010678	0.00124023	-0.0175113
0.00223606	0.00677124	0.000178388
-0.0105695	-0.0160687	0.0142235
-0.0186717	-0.016295	-0.0127813
0.00180413	0.0105277	0.00425406
0.00530176	0.0246283	0.0104933
0.00301165	0.00145342	-0.00994109
0.00208952	-0.0157423	-0.00210889
-0.00555527	-0.00936173	-0.0033617
0.000853117	0.00419963	-6.31502e-05
0.00836353	0.000499095	-0.00187844
0.00137776	0.00515978	-0.00546062
-0.00631964	0.00878697	0.00580554
-0.00289889	-0.015159	-0.012492
0.0105456	-0.0124277	0.000934477
0.0129389	0.0188863	0.0119317
-0.00113782	0.0193652	0.00956117
-0.00381928	-0.000496641	0.00386554
0.00409636	-0.00966046	0.00023078
-0.00329636	-0.00500522	-0.00338185
-0.00660041	-0.00326762	-0.00472965
0.00521685	-0.00765246	-0.00616567
-0.00377354	0.00320404	0.0068826
-0.013967	0.00822143	3.87505e-05
0.000213372	0.00298287	-0.00166429
0.00115411	0.00638291	0.00933698
0.0245805	-0.0103924	-0.00292949
-0.00830681	-0.0101041	-0.010893
-0.0243916	0.00558294	0.00432379
-0.0132249	-0.0256924	-0.006941
-0.013355	-0.00736599	0.00596484
-0.00328875	0.027726	-0.000287016
-0.0139262	0.0151471	0.0018127
0.00242652	-0.00709951	0.00916368
0.00602504	-0.0165875	-0.00521594
-0.00103198	-0.00376732	-0.00656889
0.00368062	0.00880367	0.006912
-0.00774297	-0.00265408	-0.00709859
-0.000214393	0.00490686	0.00399413
0.0159977	0.00450004	0.000882652
-0.0109692	-0.0171619	-0.00767531
0.00297436	0.00789903	0.0108356
0.00911177	0.00571721	0.00621776
-0.00584276	-0.00781455	-0.00929408
-0.0038371	0.00723603	0.00236103
-0.00869445	-0.0121813	-0.00579762
0.00684703	-0.00284027	0.00124899
0.00664813	0.0126416	-0.00105982
-0.00535975	0.00269519	0.00908529
0.00308691	-0.000294646	-0.000755704
-0.00582351	-0.00258235	-0.00141734
-0.0013066	0.00534551	0.00305535
0.0141016	0.00789709	-0.0105626
-0.0040512	-0.0163045	-0.00019496
-0.00632973	-0.015249	-0.0107482
-0.00245139	0.00773595	-0.00784975
-0.000758898	0.0129579	0.024887
0.0160905	0.00651452	-0.0208563
-0.00222036	-0.0207965	0.00323798
0.000677099	0.00859847	-0.0104705
-0.0132558	-0.0131833	-0.00853583
0.00132925	0.0297068	-0.00457746
-0.00558249	0.0224862	-0.0164209
-0.00333891	0.00961066	-0.00281632
-0.00375288	-0.000609167	0.00829179
-0.00316554	0.00265854	0.0143565
0.00327681	-0.0123461	-0.000791916
0.00778535	0.0113797	0.0162417
0.00445105	0.0343172	0.0198963
-0.000606986	0.00340397	0.0092155
0.000853738	-0.0113479	-0.00420817
-0.00574107	0.00353646	0.00293692
-0.00900155	-0.0131977	-0.0181597
0.00149611	-0.00688997	-0.00337474
0.0145084	0.00577657	-0.00484894
0.00581899	0.0117903	0.0149555
-0.00678927	-0.00105188	0.00406302
-0.00775876	-0.0113482	0.0155906
6.6071e-05	0.00842726	0.0193344
0.00913645	0.00983076	-0.00368552
0.00422008	-0.00481987	-0.0158016
-0.00432621	-0.00669237	-0.00283914
-0.00127769	-0.00542682	0.00367893
0.00127715	-0.000951891	0.0109339
0.000280104	0.0126288	0.00089071
-0.00649639	0.0136085	0.00163993
-0.0115521	-0.0198715	-0.0166736
-0.0105056	-0.0259513	-0.0126799
0.00523101	0.00616965	0.00314477
0.00249166	0.0107985	0.00211863
-0.0117721	0.0058552	0.00578161
-0.000998016	0.00884238	0.00148799
-0.00034076	-0.00686104	-0.010722
-0.00662409	-0.0193821	-0.0042343
0.00116085	-0.00550172	-0.00241349
0.0116804	0.00662781	0.00241962
-0.0115908	0.0108098	0.00248342
-0.00625717	0.000229567	0.00546894
-0.0185334	0.00299699	0.00585347
0.0260725	2.19305e-05	-0.00327183
0.0127056	-0.0053226	-0.0112971
0.0191209	0.000170296	0.00328921
0.0110779	-0.0158369	-0.00496177
-0.00950768	-0.0039204	0.00573168
0.0114231	0.000474314	-0.0108142
0.00130897	0.00971852	0.00209371
-0.00829168	0.00141901	0.00445496
-0.000358675	-0.0100274	-0.00917206
0.00125168	0.00373969	0.00516503
0.00422266	0.00310875	0.00332234
-0.00378882	0.00252682	-0.00402549
-0.0188685	0.00398744	0.0157406
0.0156518	-0.00849695	-0.00462468
-0.00834372	-0.0109715	-0.0140059
-0.00765421	0.0162579	0.00632496
0.00459874	0.00272699	0.00617927
-0.00222444	-0.00093296	0.000673322
0.0030113	0.0126164	0.0091249
-0.00459934	-0.0197157	-0.00211538
-0.00250513	0.00156677	-0.00353244
0.00095829	0.0213228	0.00545316
0.00908394	-0.016652	0.00278546
0.00452274	-0.0160132	0.000160392
-0.0134585	0.0117449	0.00545804
-0.00809208	0.00185828	-0.0103735
0.00792426	0.0173823	0.00933329
-0.00324912	-0.000194378	0.0104076
0.00497607	-0.0134448	-0.00682287
0.000592875	0.000512071	0.000793632
-0.00137832	-0.00540437	0.0214823
0.00715993	0.0140228	-0.00803775
-0.00871655	-0.00592056	0.000101861
0.0158514	-0.00538565	-0.0211656
-0.00792235	-0.0355824	-0.00700301
0.00823953	0.0153805	0.00190922
-0.0031865	0.00743152	0.0049146
-0.00560203	0.0172248	-0.00918178
-0.00259965	0.0145061	0.00831481
-0.00284013	0.00197633	-0.00288145
-0.000911862	-0.0031534	-0.00382924
-0.00241435	-0.00865614	-0.000234021
-0.00276962	-0.0233254	-0.00290317
-0.00445921	-0.00914296	-0.0030571
-0.00533766	0.0116565	0.000721642
0.0134631	0.000740472	0.000672958
0.00108411	0.0232662	0.0101537
0.0128818	0.00371749	0.0161919
-0.00198802	-0.000583179	-0.0010382
-0.00333134	-0.0113276	-0.022997
0.00651529	0.0121307	-0.00483022
0.0120051	0.00643109	-0.00237387
0.000617365	-0.00970664	-0.00615088
-0.00136991	0.00046655	0.00394063
-0.0114201	0.00785827	0.00596662
0.00325627	-0.000219116	0.010603
0.00230313	0.00955121	-0.00268123
-0.00503541	0.00215537	-0.0128959
0.00158542	-0.0168597	0.00657682
0.00259108	-0.0139795	0.000408555
0.0071187	0.0215558	0.00869049
0.0083515	0.0277939	0.00896582
0.00581489	-0.0139805	-0.00768242
-0.0030027	-0.0211086	-0.00646295
-0.00617665	-0.00050504	-0.00216834
0.00338946	0.00382809	-0.00188041
-2.49199e-05	0.0015723	0.00256038
-0.000533378	0.00882445	0.0101012
-0.00133534	0.0107482	0.00324791
-0.00640645	-0.00675284	-0.00683676
-0.0169525	-0.0142867	0.00503364
0.0142039	-0.0142789	-0.00237479
0.0175113	0.0145784	-0.0143052
-0.005983	0.0165602	0.00467166
-0.01135	-0.0130221	0.00671363
0.00051803	-0.00492846	0.00312745
-0.0124579	0.0233957	-0.00911036
-0.00489833	0.00711517	-0.00645712
0.00737748	-0.0259993	0.00139043
-0.0102442	-0.00755279	0.00736915
-0.00168418	0.0083655	-0.00143811
0.00584308	0.0144525	0.00739106
-0.00325204	0.0079868	0.00381684
-0.00307232	-0.00901867	-0.00842529
-0.00444203	-0.00736803	0.00543095
0.0113329	-0.0046008	-0.00677717
0.0114888	0.000105741	-0.00786215
-0.0120609	0.00887374	0.00794156
0.00979528	0.00114738	-0.00620106
-0.00337525	-0.00914846	-0.00692171
0.000661831	-0.004214	0.0065699
0.00481631	-0.00673555	-0.00369393
0.00203746	0.0168087	0.00603476
0.000693098	0.0133088	0.00500623
0.000853096	-0.0201666	0.00227124
0.00243363	-0.00179691	-0.00910728
-0.00956749	0.00869672	0.00504873
-0.00414368	-0.0101629	-0.00923884
0.0114024	0.00485192	-0.00809196
-0.00471426	0.0019321	0.00589556
-0.0086911	-0.00998067	-0.00944647
0.00823695	0.0175313	0.013703
-0.000616018	-0.00299329	0.0110056
0.00563655	0.00285866	-0.00260696
-0.00825303	-0.00361139	-0.0108646
-0.000822802	-0.0247665	-0.00522055
0.0154824	0.0170881	0.00195535
-0.0168619	-0.00149351	-0.00422784
0.0112884	0.0189507	0.00212864
-0.0113501	-0.0277998	-0.00138909
0.00239353	0.0247415	-0.00471437
-0.0106854	0.0199517	0.00297997
-0.00482853	0.0227187	0.0195549
-0.00364032	0.00506685	-0.000202309
-0.000930088	-0.0122901	-0.0170633
-0.00750987	-0.0186806	0.0117527
-0.00257647	-0.0128371	-0.0196396
0.0032641	0.0181449	0.000531069
0.00304792	0.0105239	0.00582703
0.00316474	-0.025534	-0.00924828
-0.00275823	0.00158826	0.00544711
-0.0105996	0.00103055	0.0109988
-0.00263575	-0.0300812	-0.0118671
-0.0127434	0.0111301	-0.00016148
0.00129795	0.00972335	0.0174106
-0.00149473	0.00490999	0.00926867
-0.00314716	-0.0210791	-0.00429035
-0.0165437	-0.0106026	-0.00886085
0.00101891	-0.00146612	-0.0113498
0.00281926	0.00211792	-0.00316538
0.000464938	-0.00419402	0.000643162
-0.00783858	-0.00133371	0.00693918
0.00388906	-0.0024404	-0.000412433
0.00250128	0.0109388	-0.00165205
-0.00230956	0.00438526	-0.0148612
0.00194508	-0.0155365	-0.00165553
-0.00861514	-0.020137	-0.0063341
-0.00853081	0.00475756	0.00685439
0.00388341	0.029391	0.00594923
0.00154474	0.00198188	0.000149064
0.00595658	-0.0198559	-0.00265216
-0.00184856	-0.00171515	0.00420197
-0.00497172	-0.00279695	0.00163546
-0.0106993	0.000153972	0.00540175
-0.00305375	0.0125351	0.00358189
0.00346026	0.00688872	0.00121358
0.0166157	-0.00898025	-0.0132809
-0.0112876	-0.00447465	0.00521779
-0.00734832	-0.0121293	-0.000335382
0.00665085	0.0052766	-0.00244529
0.00623432	0.0206578	0.0148291
-0.0112897	-0.00347984	0.000194483
0.0114326	0.00681343	0.012765
-0.00639481	0.0145615	-0.00344646
-0.0194506	0.00389006	-0.0052876
0.00171197	-0.0117565	-0.0014389
0.0154511	-0.0183998	-0.0137807
-0.00314346	0.00187014	-0.000544311
0.00128141	0.00648261	0.00521211
0.0118024	0.000297357	-0.00415836
-0.00220438	0.00322009	0.0020235
-0.00758794	-0.00315484	0.00528612
-0.0119122	0.000371995	-0.013831
0.00371659	0.0109589	0.00514343
-0.00205024	-0.00568135	0.00867085
0.0108087	-0.00723865	0.00108031
-0.00208579	0.00640564	-0.00170431
-0.00311859	0.00287975	0.00461989
-0.00528037	-0.0161024	-0.0169354
0.00255927	0.0108517	0.00118604
0.00345916	0.00560889	0.00146069
-6.96001e-05	-0.0150392	-0.0022031
0.000201915	0.00862772	0.0024687
0.00611455	0.00695592	0.0036268
-0.00312751	-0.0162617	-0.00111065
0.00273954	0.00662074	0.00343074
0.00590212	0.00310837	0.00722193
-0.0122413	-0.00957221	-0.00736424
0.00252466	0.0241045	0.00502076
-0.00940063	-0.0130727	-0.00571844
0.00644848	0.0128023	0.0137857
-0.0077455	0.00827647	0.00386558
-0.014752	-0.0253518	0.00433335
0.0153468	0.0190409	0.0236007
-0.00432456	0.00142466	0.00499335
0.00597427	0.00921387	0.00620384
-0.00274883	-0.0210695	-0.000463174
-0.0011655	-0.00497174	-0.0198563
-0.00248942	0.00603914	0.0207309
-0.00225026	0.00626648	0.00425901
0.00011034	0.0120058	0.00872116
-0.00233942	0.00585224	0.00767696
0.00240095	-0.0152623	-0.023655
-0.00522605	0.00216956	0.0349041
-0.00668278	-0.00659998	-0.0155021
-0.00446774	-0.0171571	-0.00743898
-0.00372989	0.00221565	-0.0174243
0.00402569	-0.00222005	-0.0118523
-0.000927669	0.0127255	-0.0215589
0.0136912	-0.00193659	-0.0176173
0.00241006	0.0138202	0.000757954
0.00700002	-0.00463023	0.00179838
-0.00376787	-0.000393309	-0.00956978
0.00303197	0.0123397	0.0124888
0.00768915	0.00436393	0.0130862
0.00876816	-0.000655543	0.00472459
-0.00314938	0.0152725	-0.00120944
-0.0025519	-0.0132073	-0.00895684
0.00353754	-0.00747439	-0.00995471
0.00390711	0.00838855	-0.00387343
-0.00611364	-0.0108036	0.0042976
-0.00300204	-0.00704198	0.0140162
0.00120841	0.0158501	-0.00251136
0.00475012	0.017303	-0.00498523
0.0132677	-0.0115835	-0.000407016
-0.00119653	-0.0155353	-0.00638597
-0.0123995	0.00560712	0.00480056
0.000769905	0.00880071	-0.000922663
-0.00182739	0.00528065	0.00085371
0.00463008	-0.00399327	-0.0050935
-0.00020489	0.000583094	0.0017125
-0.0023594	-0.00638298	-0.00444637
-0.00923705	-0.0114536	-0.00162845
-0.014124	-0.00109328	0.00580195
-0.0146794	0.0129179	0.0029719
0.0168085	0.0161993	-0.00331304
0.00908855	-0.0098674	0.0143744
-0.0101741	-0.0274657	-0.0136421
0.00763103	0.0105088	-0.0101544
-0.00242413	0.0138258	0.00370431
0.00441067	-0.0225168	0.00978893
-0.00612035	0.0080192	0.015382
-0.00322913	0.0227093	0.00304656
-0.0046432	0.00850221	-0.000494305
-0.00863521	0.00190844	0.00129095
-0.00149056	-0.0160085	-0.0139507
-0.00574501	-0.0108649	0.00226454
-0.0062145	0.0101948	0.00762527
-0.00431941	0.00897042	-0.0026926
0.00419723	0.000390304	0.00345824
0.0145566	-0.00802124	0.00734168
-0.00447053	-0.00675736	-0.0072255
-0.00164642	0.00808217	0.00385428
-0.00796845	0.00483384	0.00051029
-0.000289167	0.00142761	-0.00513365
0.00532371	0.00120162	0.00233282
0.00668419	-0.0109606	-0.000706346
-0.00800661	-0.00881584	-0.00642552
-0.00687277	0.0158796	-0.00119892
0.000712304	-0.00285117	0.0032967
0.00189202	-0.0102887	-0.0109976
-0.00106777	0.0191126	0.0110872
0.00120581	-0.00167617	0.0123314
-0.000785513	-0.0156866	0.00256275
0.00263266	0.0108732	0.0015718
0.00595555	-0.000716414	-0.00714624
-0.00722314	-0.00576801	-0.00452645
0.000926268	0.00507304	-0.00727951
-0.00847888	-0.0181414	-0.00149748
0.0119059	0.0221404	0.00955476
0.00875004	0.00179309	-0.00231299
-0.0109383	-0.0250316	0.000211837
0.00468733	0.00808277	0.00865313
-0.00426918	0.00676258	0.00342614
0.000799635	0.00477775	0.00506596
-0.00139137	-0.018572	-0.00772069
-0.000916059	0.00852088	-0.013942
-0.00084908	-0.0112639	0.00791302
0.00685623	-0.00271566	-0.00771556
0.00294164	0.00309538	0.00659967
