-0.206695	0.878902	1.7945
0.218328	-0.13072	-5.32223
5.80768	-0.0241987	-0.0354167
0.0197922	-5.68427	-0.0664101
6.91421e-05	-0.770984	-0.177976
-0.980805	-0.00155399	0.325859
-0.299616	-0.190179	-0.576812
-0.264875	0.385125	0.00569355
0.138389	0.257686	-0.964963
-0.0282349	-0.136209	-0.17198
-0.0908447	0.18267	0.0225482
0.293339	0.0529292	-0.155777
0.100939	0.0221604	0.162085
0.0375937	0.0218787	0.0258386
-0.0772213	-0.0429417	0.201105
-0.0223442	-0.10518	0.0947331
-0.0373195	-0.0305169	-0.19138
0.010005	0.041459	-0.0507785
0.0202257	-0.0780721	-0.0510616
-0.146751	-0.0193966	-0.110309
0.247362	-0.00776748	0.0512535
0.00854233	-0.0585244	-0.00800581
0.0938483	-0.0294474	0.182673
0.0111734	-0.0429956	-0.0135299
0.0566592	-0.0643566	0.329263
-0.0185499	0.0604432	-0.207576
-0.0275617	0.0905578	0.0223136
-0.0852547	-0.00147943	0.0116584
0.0242127	-0.043587	-0.011851
0.0134709	0.0443742	-0.130211
0.0231912	-0.0043854	-0.068051
-0.0390331	-0.0225443	0.0194239
-0.23739	-0.0228876	0.0096059
0.0173233	0.0608121	0.0139026
0.00644742	0.0698838	-0.0138487
0.0054872	0.0645147	0.127493
-0.00236971	-0.106862	0.109733
-0.115903	-0.0413045	0.0521855
0.0135408	-0.148379	0.0464004
0.0139994	0.0100342	0.000964399
-0.0221589	0.0242517	0.012351
-0.109687	-0.00706541	-0.060353
0.051276	0.0106674	-0.0952072
0.00339982	-0.0869863	0.0126359
0.111502	0.0427946	-0.146169
0.0416732	0.0306195	-0.00358661
-0.0342799	-0.0707374	-0.117026
0.0858391	-0.0862392	-0.0442886
0.00147075	-0.0901906	-0.205863
-0.00348931	0.165277	0.200152
0.0681402	0.0401289	-0.0530904
0.0526939	0.0109582	0.090539
0.0305627	-0.0819858	0.00153614
-0.125776	0.048753	0.137322
0.0467297	0.0435055	0.00486973
0.0420657	-0.0215855	0.145901
-0.0958312	-0.0173525	0.079115
-0.0132971	-0.018623	-0.0251699
-0.22613	0.0185777	-0.00361182
0.0167156	0.127282	-0.019365
-0.0417528	-0.043456	-0.0454481
-0.0336709	0.0751245	-0.0220241
-0.12199	0.0570462	0.0766875
-0.00393515	0.225086	-0.114756
-0.00114236	0.0910694	-0.0328254
0.040339	-0.0540415	-0.099032
-0.0306079	-0.0418027	0.0326337
-0.0398526	0.0124064	0.00314008
-0.00899352	0.15654	-0.0221263
0.202644	-0.017541	-0.0593136
-0.0111496	-0.0709519	-0.01763
0.00390948	0.0121142	-0.0702146
0.0133957	0.000655377	-0.0215011
-0.0043953	0.0381878	0.00430034
0.0854501	-0.0112115	0.0818332
-0.0249998	-0.0648971	0.00736662
-0.0523786	0.0497864	0.151059
0.0223866	0.0318627	0.00873411
0.0626998	-0.0403139	-0.0286939
0.00409305	-0.0767767	0.0532603
-0.00111045	0.0193415	0.0969951
0.00345413	0.0407298	-0.0100933
0.0165651	-0.044803	-0.00903988
-0.025482	-0.00233178	0.00918636
-0.00414359	0.011415	0.0180819
0.0228464	0.0101197	-0.0472214
0.020911	-0.0560351	0.00874142
-0.0800069	-0.0174661	-0.0135612
-0.00928967	0.0176751	0.00629223
-0.056546	0.00648092	0.0257331
-0.0272687	0.0119588	-0.0222734
0.00658622	0.0020918	0.0139281
-0.0118415	-0.00498104	-0.0599235
0.00204146	0.0322719	0.0073231
0.0760459	-0.00360641	-0.0663395
0.00864235	-0.0520666	-0.017018
-0.0149842	-0.00262884	-0.0124098
-0.00522726	0.00917651	0.00623765
0.00145115	-0.0135468	-0.0361801
-0.000196445	-0.00164389	-0.00890616
0.00607378	-0.00225963	0.0487172
0.00714322	-0.00479451	0.000683726
-0.0124127	0.0136121	0.049348
-0.000147971	-0.000979392	0.00596073
0.00254931	-0.00679404	-0.000942915
-0.0330403	-0.00126412	0.052825
-0.00427646	-0.00534742	0.00976631
0.00529716	0.0124602	0.0463093
0.0133221	0.00704727	0.0111649
0.0478347	-0.00751287	-0.00155864
-0.00743299	-0.00343769	0.00101339
-0.0013102	-0.0311662	-0.0073855
-0.0566564	0.00527269	-0.00803167
0.0135372	0.0122219	-0.00715049
-0.0690947	-0.0149138	-0.00651561
-0.0142393	0.0440193	-0.000412919
0.0185148	0.0130162	-0.0222702
0.0157548	-0.0141195	-0.00687076
-0.00262182	-0.00300465	-0.0334048
-0.000277666	0.0241793	0.0192385
-0.00486711	-0.0149817	-0.0224664
-0.00129452	0.0305103	0.0349889
0.0180734	-0.014857	0.00721545
-0.0128214	0.027528	0.0372147
0.0251228	0.00505324	-0.0168138
0.0103955	0.00214412	0.0214327
-0.00129699	0.0243812	-0.009115
0.0457818	-0.00652413	0.0016005
0.000877619	-0.00293749	-0.00362676
0.0150539	0.00420402	0.0137932
0.0152459	-0.0156183	-0.00905679
-0.0307544	0.00120442	0.0383925
0.000951758	-0.00518252	-0.0158318
-0.0114775	0.0115466	-0.00293767
0.0246993	0.00160288	-0.00782169
0.00372467	0.00427299	-0.00625042
0.0324562	0.00268942	0.0164103
-0.00048661	-0.0177246	-0.00814446
-0.020974	-0.00652614	0.0320414
-0.0141622	0.0170631	-0.012815
-0.0166711	0.0209733	0.0199853
0.0132224	0.00954961	-0.0442278
-0.00587455	-0.0412097	-0.00761811
0.00355214	0.0116941	-0.0705037
-0.000772695	0.0094415	-0.0407584
0.0114039	0.00778424	-0.00143687
-0.000410014	0.048119	-0.0343349
0.0276638	-0.0210047	-0.0172901
-0.000224351	0.000273613	-0.0230028
0.0207645	0.0194355	-0.0205617
0.00694286	-0.014809	0.00336122
-0.0400072	-0.0028149	-0.00175427
0.0120018	0.00637668	-0.0058993
0.0161581	0.00267147	-0.0111012
-0.00705576	0.0267305	-0.000541333
0.0318322	0.00352095	0.0174355
-0.0370901	-0.00117555	0.0405828
0.00441946	0.0146884	0.00187883
-0.0169218	0.00185789	0.0374708
-0.00713242	0.0149886	0.0117499
-0.0375009	-0.00110475	0.0139465
-0.00200535	-0.000419363	0.00209723
0.0231701	0.0132247	-0.009829
-0.0175467	-0.000990066	0.0148582
0.007742	-0.0133731	0.0288112
-0.0250348	-0.018798	0.0176221
-0.00899034	0.0593975	0.0407245
-0.0230578	0.0298873	0.00908009
-0.00275881	0.0416063	0.0360621
0.00183818	-0.0788854	-0.0309853
-0.0131694	-0.00866164	0.0417332
-0.00640298	0.00763828	-0.0138665
0.00135526	-0.0181541	0.00762582
-0.00146004	-0.00225332	-0.0136035
-0.0103542	0.0140987	0.0184448
-0.00820067	-0.0120397	0.00335071
-0.0277749	0.00411331	0.00722823
0.0307793	-0.00295892	-0.0174526
-0.0129413	0.0148073	0.00732789
0.00472098	0.00171761	-0.0160724
0.00531352	-0.0170785	0.00543669
0.00785234	-0.00607719	-0.0391866
0.0388387	0.00425007	-0.019637
-0.00395672	-0.00991288	-0.00187423
0.0421745	0.00323238	-0.00861114
0.00597825	-0.0212337	-0.0097013
0.0487229	-0.00552418	-0.00964404
0.000159016	-0.0101349	-0.00403648
-0.00014401	0.00349145	-0.00177296
0.00355912	-0.0165302	0.00426493
0.0156993	0.00163794	-0.0238904
-0.0034267	0.00704729	0.00647804
0.0109006	-0.0043877	-0.0206982
0.0257722	-0.0328356	0.0112836
0.0145236	-0.0386682	-0.0175889
-0.00244989	-0.0209482	0.0160762
0.000453082	-0.0284242	-0.0111841
-0.00731884	0.0269717	0.0262062
0.0102925	0.00985244	-0.0285268
0.00175065	-0.00979344	0.01256
-0.00249132	-0.0140047	0.00456444
-0.0192576	0.0327874	0.0280094
0.0179555	0.0056117	-0.00906896
0.00973676	-0.0153698	-0.00518932
-0.000200726	-0.027535	-0.00740469
-0.041627	0.0130597	0.023738
0.00880903	0.00463156	0.00183115
-0.00515567	-0.0155294	0.0312096
0.00480552	-0.0111657	-0.00123514
-0.0342024	0.00419811	0.0212046
-0.0215483	0.00191038	-0.00737943
-0.000780083	-0.00347964	0.00214561
-0.00848706	-0.00476437	-0.00488757
-0.00545934	-0.00430224	-0.00827833
-0.0367533	0.0123449	-0.000736567
0.00172772	0.0323399	-0.013285
0.0229359	-0.0186664	-0.0101426
-0.00864137	-0.0162689	-0.0192591
-0.0227295	0.0230991	0.0122241
0.012198	0.00926086	-0.0285952
0.00239483	-0.0292519	-0.00846648
-0.0177323	0.000412266	-0.00550872
-0.00923203	0.0350686	0.00395549
0.00196965	0.0166123	-0.0201681
0.00230983	-0.0187337	-0.0212686
-0.00439072	-0.028183	0.0196903
-0.00480937	0.004318	-0.00522348
0.00686222	0.0180567	-0.0131573
-0.00941421	0.00118505	4.78062e-06
0.00183405	-0.00855359	0.00432953
-0.00114552	0.0246383	-0.0145532
0.023594	-0.0164069	-0.0150751
-0.00632043	-0.0124748	-0.0157293
-0.0145138	-0.00464027	0.00172767
-0.00210627	0.0219624	-0.00614816
0.0265192	-0.00370444	-0.0154411
0.00359466	-0.0167787	-0.0105357
0.00770593	0.00997398	-0.022936
0.00287917	0.0138797	-0.00586019
0.0436603	0.00395321	-0.00747799
-0.00115964	-0.00481263	0.0134119
-0.00419118	0.00175318	0.00315299
-3.96236e-06	0.00110293	0.0149946
0.00547319	0.0109086	0.0153552
0.00944008	-0.0067331	0.0213659
0.00531741	-0.0246529	0.0198766
-0.0238676	0.00654975	0.027473
-0.0102985	0.0183732	0.0205779
0.0188671	-0.00435684	0.00935389
-0.00904073	-0.0146181	0.00661255
-0.0134369	0.014374	0.024147
0.00601424	0.018942	-0.012854
0.00552166	-0.00664424	0.00305298
-0.00413404	-0.00846515	0.00853704
-0.0072592	0.00497999	0.0177354
0.00166473	0.0105674	0.0438737
-0.00804688	0.000348082	0.0196305
0.0022868	-0.011318	-0.0162209
-0.00452132	0.00702471	-0.00345936
-0.00359065	-0.0146378	-0.00400353
0.004499	-0.00815038	0.00807804
-0.00113934	0.00892138	-0.0174214
0.0128389	-0.0118835	0.000349777
-0.00867529	-0.00651941	-0.00645926
-0.00669851	0.00756861	0.0118499
0.0213246	0.0112348	-0.0114966
-0.00517156	-0.00367139	-0.00102733
-0.000707571	-0.0078186	-0.00961391
-0.0174444	0.0109782	0.000588679
-0.0132646	0.00222232	-0.00342528
0.00767529	-0.00412683	-0.00058751
-0.0223439	-0.002616	0.00601556
0.0112693	-0.00262405	-0.00833636
0.00371059	0.00836402	-0.00117822
0.0289806	-0.000323133	-0.0114463
0.00296578	-0.00469402	-0.0013417
0.0219952	-0.00146947	-0.0205482
-0.0113389	0.00422053	0.0027885
0.0163247	0.00722697	-0.0203612
0.0160087	-0.00922925	0.0109904
-0.00842508	-0.00547293	-0.00802621
-0.00660349	0.00872713	0.0247536
0.00887569	0.00352491	-0.0114376
0.00858463	-0.0066937	0.00965928
-0.00274508	-0.00783755	0.00106639
-0.0022423	-0.00473038	-0.00423041
0.0053292	0.0011456	-0.00246519
0.00468875	0.00376559	-0.0188764
-0.00430077	-0.000372251	0.00314126
0.00154325	0.00772592	-3.08668e-05
-0.000254306	-0.00849477	3.14265e-05
-0.00571596	0.00697216	0.00315351
0.00515073	-0.00242599	0.00111544
0.00532612	-0.0166461	0.00213145
-0.0112712	0.00423104	-0.00120704
-0.00335241	-0.00174532	0.00848715
-0.00717454	0.000323785	0.0100448
-0.00322297	0.00803856	0.0021486
0.0113998	-0.0101255	0.00157614
-0.0274743	0.00227112	0.00888166
0.00913886	-0.008728	0.0114651
-0.0193738	0.0121744	0.0124548
0.0159679	0.00544627	0.0105151
0.0056406	-0.00316101	0.00631357
0.00433708	0.00155132	0.00539519
0.014199	-0.0025835	0.000419263
-0.0115264	0.00447266	0.00361716
-0.00408006	-0.00384559	-0.00297075
-0.0155974	0.00181223	0.00522623
0.00256832	0.00198149	-0.00956084
-0.0300026	0.00500965	-0.000557029
0.0114428	0.00555834	-0.0103543
-0.00565536	-0.0123773	-0.0103346
-0.00524372	0.000144382	-0.00615962
0.0121966	0.00377475	-0.00912618
0.00891919	-0.00458097	-0.0077892
-0.00447758	-0.00529846	-0.00260642
-6.34418e-05	-0.00044298	0.00805338
0.00141527	-0.0130346	-0.00772185
0.00995217	0.00294463	0.0178795
-0.00175022	2.69429e-05	0.00174591
0.000609723	-0.000920382	-0.00703777
0.00502556	-0.00146341	-0.0141044
-0.000463022	-0.0213669	0.00710972
-0.000287346	-0.0111689	0.00495903
-4.76971e-05	-0.0185551	0.0125538
-0.0104465	0.00617335	0.00619316
0.00147127	-0.00557143	-0.00390797
-0.00175745	-0.00568209	0.00222945
-0.00545087	0.0108506	0.00840053
0.00724715	0.00111094	0.00794373
0.00310248	0.00923978	0.0098872
0.0148548	0.00570552	-0.000362222
0.00192476	0.00627631	0.0102978
0.00167114	0.0131207	0.00746985
0.018925	-0.0096799	0.00352861
-0.00405381	0.00261894	0.00244632
0.025616	-0.00152628	-0.00758025
-0.0104538	-0.00952979	0.00344839
0.00210235	-0.00172948	-0.0062503
0.00503556	-0.00283812	0.00373409
0.00481171	0.00274388	-0.0052008
0.0159435	0.00327414	-0.00949052
0.00143574	-0.00387138	0.00186754
0.0234643	0.000198813	-0.00963378
-0.000268949	-0.00206567	-0.000156366
0.0212719	-0.00196542	-0.000155876
-0.0101273	-0.00849774	0.00146511
-0.00497201	0.00508282	0.0180828
-0.00414229	-0.00224287	-0.00537408
-0.0113121	0.00261926	0.0170309
-0.0159695	0.004468	-0.0119739
-0.000712604	0.00406592	0.00146707
0.00129636	-0.00182912	-0.0132726
-0.000937677	0.00355786	0.000601727
-0.00540149	0.0102658	-0.00712301
-0.000223068	8.01234e-05	-0.00602756
0.00534126	0.00161155	0.000634154
-0.00795429	-0.0118804	8.64507e-05
-0.00172919	0.00774893	0.0133862
0.000878592	0.0181618	0.00202076
0.00351769	0.0083389	-0.019515
0.00367174	0.0158934	-0.0145807
-0.00337717	0.00166332	-0.00410306
0.00960299	-0.00999452	-0.00808467
0.000922642	0.00821808	-0.000351556
0.00704094	0.00765731	0.00711476
0.00128316	0.0127727	-0.00454683
0.0138996	-0.00593297	-0.00297242
0.00151218	0.00755618	-0.0027073
-0.00436655	0.00122039	-0.00020514
0.00664496	0.000554572	-0.0119397
-0.00485683	-0.00871085	-0.00210313
-0.00474147	0.000244096	-0.00439128
-0.00259915	0.00680115	-0.00749746
-0.00966511	-0.00433697	0.016374
-0.00423911	0.00255683	-0.0100508
-0.0084126	-0.00171423	0.0182659
-0.000263352	0.00476247	-0.00768632
-0.000507353	0.00052736	0.0203135
-0.00231105	-0.00672499	0.01123
-0.000359473	0.000705631	0.000171412
0.00209323	-0.00112964	0.0109952
0.00481007	0.000109852	-0.000259489
-0.00782697	0.000198093	0.00462921
-0.00122297	0.00692132	-0.00661884
0.00808572	0.00329155	-0.00977772
0.00246273	0.00805228	-0.007786
0.010876	0.00293255	-0.0118383
0.00176413	-0.0084073	-0.00570834
-0.00490033	-0.00376489	-0.00097195
-0.00443625	0.00348949	0.00577036
-0.000226989	0.00775095	0.00496839
0.00690608	-0.00371177	0.00421708
-0.00209142	-0.0125737	0.0058789
-0.00459668	0.00301298	0.0115069
-0.000882665	0.00744145	0.0105993
-0.00163647	0.00313048	-0.00494264
0.00143416	-0.00366974	-0.00537882
0.00389998	-0.0013876	-0.0198966
0.00641725	-0.000924759	-0.0245875
-0.000217384	0.0128551	-0.000363945
0.00290614	0.00840238	0.00848942
0.00386575	0.00357551	0.00288243
-0.00568245	0.00341792	0.0015802
0.00035601	-0.0025973	0.00590588
-0.00925747	0.00186154	0.00204795
0.00505559	-0.00963063	-0.00690905
-0.0184114	0.00871542	0.00220414
0.00255696	-0.00900631	-0.00482914
-0.00837513	-0.00247912	-0.0116193
-0.0159451	-0.0146252	0.00561077
-0.00353791	-0.00550854	-0.011609
-0.00469709	0.00307222	0.0026367
0.000896235	0.00104303	-0.00752549
0.00738014	-0.0015099	-0.0123651
-0.00765862	0.00106348	-0.00716978
0.00898261	0.00299867	-0.0163253
0.00816881	-0.00541652	-0.00243232
0.0235063	-0.00105478	-0.0155343
0.002952	0.00217572	-0.00308869
-0.00572665	-0.000382923	-0.000408594
0.0116399	-0.00139936	0.00407537
0.000945655	0.000566775	0.00105416
0.000699008	-0.00131999	0.00738334
0.000128351	-0.00533121	0.00644933
-0.00779646	0.0025793	0.00951042
-0.00488848	-0.00323442	0.00632124
-0.00279929	-0.00327916	0.00738606
-0.00650386	-0.000873234	-0.000779058
0.011503	0.0115189	0.00223605
-0.00111823	0.000932646	-0.016477
0.00395606	0.00220531	-0.00148436
-0.00905926	-0.007485	-0.00943665
0.000488716	0.0140377	-0.0021546
-0.00422977	-0.00484904	-0.00247486
0.00387359	-0.00384855	-0.00503805
0.00346839	-0.00166617	0.0116495
0.0042091	-0.00250967	-0.00148669
-0.00630254	-0.0033329	0.0269321
-0.000152515	0.00631483	-0.0143549
-0.00323355	-0.0058342	0.0123169
0.00196387	0.00218393	0.0174153
0.00435737	0.011273	0.00784721
-0.0058679	-0.0129601	0.00840003
-0.00313165	0.00112395	-0.00137657
0.00214472	0.00491491	0.00409849
0.00387282	0.00563592	0.00256085
0.0023959	-0.00207935	-0.0057391
-0.00700754	-0.00279263	0.00433505
0.0118354	-0.00194927	-0.00501318
-0.00586904	-0.00518803	0.00389127
0.00586363	-0.000563754	-0.00401226
0.0127121	0.000721685	-0.00293101
0.000906703	0.0058528	-0.00272674
0.00453852	-0.000377915	-0.00366189
0.00393787	-0.00769278	0.00599376
-0.00875552	0.00353028	-0.0040511
0.00644452	-0.00344802	0.0100921
-0.0122936	0.00134967	-0.00597062
0.00776937	-0.00063327	0.00521354
-0.0144153	0.00636843	0.000837143
0.0110862	0.00164839	-0.00721645
0.00661269	0.00242183	0.00390855
0.0177015	0.00111158	-0.00968156
0.00697492	-0.000991037	0.00873689
0.00910131	0.000701915	-0.00905167
-0.000692753	-0.00240484	0.0118002
0.0137169	-0.00607672	-0.0036416
0.00593132	-0.00569923	0.012568
0.00349895	-0.00746	0.00279337
0.00830317	0.00330417	0.0147152
-0.0114761	0.000625211	0.00644
0.00670694	0.000488197	0.00632735
-0.000676407	-0.00912003	0.000706579
0.00699481	0.00183749	-0.0158763
-3.68977e-05	-0.000780054	-0.00915648
0.00568828	-0.00124461	-0.0193134
-0.00136381	0.000120548	-0.00723424
-0.00193466	0.00915731	-0.0149218
-0.00686355	0.0122778	-0.0100996
-0.000117589	0.0024601	0.00915044
-0.00323402	-0.00862921	0.0184917
-0.00247003	0.00352621	0.00885586
-0.00459197	-0.00653439	0.00969582
0.0107555	0.00501318	-0.0103236
0.00456265	0.0255696	-0.00757172
0.00176444	-0.00420179	0.00623732
0.0115512	-0.000591509	-0.00275779
0.00201503	0.00678337	-0.00359129
0.00106863	0.000722985	-0.00868557
-0.00223762	-0.00787395	-0.00300394
-9.26311e-05	-0.00129567	-0.0122618
0.000790228	-0.00397858	0.00667512
0.000238189	-0.00359794	0.000519181
0.0079459	0.00633254	-0.00439084
-0.00299334	-0.00589612	0.0110597
-0.0143456	0.0112116	-0.00395778
0.00434547	0.000437049	0.00682442
0.00172117	0.0021316	0.00344316
-0.0060333	0.00557492	0.00733049
0.00804028	-0.00099959	0.00866808
-0.0158612	0.00516944	0.00888535
0.0055294	-0.00126071	0.0101299
-0.00682226	0.00926645	0.000716302
0.0221952	-0.00733141	0.0165688
0.00569817	-0.00337087	0.0102344
-0.000752837	0.00299309	-0.00614961
0.00363367	0.00638573	0.00749397
0.000961536	0.00282429	-0.0135477
-0.0132946	0.00319589	-0.00352902
-0.00291219	0.0015028	-0.0115403
-0.00790312	-0.00319172	-0.00649202
-0.00102705	0.00832033	-0.00496215
-0.00522173	0.00549554	-0.00966995
-1.87102e-05	0.00527942	0.0048266
0.00910333	-0.00196112	-0.0143223
-0.00940633	-0.0102754	0.0244163
-0.00290987	0.000491208	0.00360794
-0.00443222	0.00291597	0.0282812
0.00267005	-0.00769115	0.00984657
-0.000835004	0.00379956	0.0156509
0.00134942	0.0109166	0.00510665
0.00153209	-0.00688329	0.00971876
0.00309547	-0.011612	0.00591998
0.00221878	-0.0171124	-0.0180875
0.00739365	-0.00390627	-0.00828863
0.00719282	0.0119198	-0.029677
-0.00277322	-0.00907247	0.0206574
-0.00438976	-0.0014682	-0.0163665
0.0083627	-0.0213582	-0.0217891
-0.00516874	0.0315112	0.0216012
0.00478914	-0.00541183	-0.00521239
-0.000716506	-0.00871205	0.0021703
-0.0128629	0.0102551	-0.00299036
0.00180992	-0.0132833	-0.0050662
-0.0105633	0.000859067	0.00647276
-0.000213403	-0.012173	-0.00564073
-0.0087162	-0.00401631	0.0116469
0.00178421	0.00635501	-0.00285733
-0.00704082	-0.00141534	0.00118839
-0.00830854	0.000591281	0.0108256
-0.000778751	0.00797648	0.00801388
0.00671864	-0.00320333	0.00290304
0.00371904	-0.00163828	0.013886
-0.00370044	0.00227934	-0.00765899
0.00940989	-0.00376393	-0.00177754
-0.00165677	0.00434761	-0.00980552
0.00306477	0.000537807	-0.0109433
-0.0114163	-0.00196724	-0.00901039
0.0102854	-0.00600409	-0.00486724
-0.0109601	-0.0037696	-0.0158578
0.00177699	0.00274656	0.00332482
-0.000127118	-0.00413179	-0.00227579
0.00644341	-0.0057559	0.00741885
0.00852535	-0.00212453	-0.00825072
0.000334527	-0.00136833	0.0048919
-0.00172242	0.00374911	-0.00824673
-0.0013446	0.0109163	0.0046487
-0.00628266	-0.00569294	-0.0102534
0.000952474	0.00536722	0.00535466
-0.00320776	-0.00842658	-0.0160618
-0.00692401	-0.0110857	0.00527954
0.00447477	0.00368887	-0.0198114
0.00987142	-0.00227752	-0.00455985
0.0105646	-0.00111061	-0.00519707
-0.000296527	0.000905597	0.00512811
-0.000214345	0.00626511	0.00345566
-0.0029802	-0.00202714	0.00949152
-0.0056244	-0.00102298	-0.00626891
-0.00715419	0.00219772	0.00536704
-0.00690572	0.0103719	0.00306728
-0.00047669	0.019996	0.000247261
-0.0065151	-0.0244222	0.00346265
0.0115703	-0.0161585	-0.00228923
0.00648136	0.00575409	-0.00796849
-0.000884373	-0.00853528	0.00628157
-0.0105741	-0.0171855	0.00381907
-0.00826111	0.00641767	0.0112201
0.0091352	-0.0168597	-0.0227549
-0.0089659	-0.00433142	0.00619916
-0.000854451	0.00821646	-0.0101612
0.00920598	-0.00366213	-0.00664575
-0.000859742	0.00121361	0.00544575
0.0127368	-0.00467578	0.000964831
-0.00311176	0.016791	-0.000141568
0.0194824	-0.00160161	0.000713317
-0.00533581	0.014528	-0.00615715
0.0204393	0.00414501	-0.00851191
0.0139568	0.00700217	-0.00716728
0.00385886	-0.000569718	-0.0110388
0.000918923	-0.00187745	0.00248328
-0.00805692	0.00519818	-0.0100704
0.00264221	-0.00941865	0.00653912
-0.00994737	0.00132766	-0.00904687
0.0055842	-0.00763943	0.00755093
-0.0126419	-0.00188973	-0.00618681
0.00382532	-0.00404883	-0.0010937
-0.000408048	-0.00500819	0.00286183
0.0205982	0.0103426	-0.00900315
0.00538687	0.00306045	-0.0100548
-0.00113043	-0.00519593	0.00933696
0.00919617	-0.00352952	-0.0060893
-0.00450679	-0.00527116	0.016959
-0.000760913	-0.00529011	0.0017461
-0.00245404	-0.00140973	0.0104346
0.00570982	0.000405876	0.00318298
0.00347731	-0.00245831	-0.000614583
0.00271019	-0.00404619	0.000781897
0.00163843	0.00350363	-0.0063585
0.00126707	0.00408956	-0.00332182
-0.00191438	0.00497839	-0.00363093
-0.00702738	0.00384027	0.00322032
0.00112081	0.000981271	-0.00392376
0.00110585	0.00390015	-0.00673169
0.00780046	-0.00845722	0.00225157
0.00057165	-0.015865	-0.00660145
0.00572164	0.00164277	0.00206229
0.00393037	-0.00134065	-0.00118127
0.00928629	0.00776967	-0.00747067
0.00114938	-0.00648875	-0.000397476
0.00353641	-0.000580578	0.00550348
-0.0112245	0.00144642	0.0348477
-0.000727469	0.0181755	0.0112455
-0.00170582	0.0109571	-0.0211091
0.0049097	-0.0125424	0.026942
-0.00666982	0.00800263	0.0370728
-0.00478602	0.00243221	-0.0479732
0.0082067	-0.00439107	-0.0118784
-0.00685145	-0.00280736	-0.00562461
0.00324994	-0.00602317	0.00135891
-0.00102922	-0.0078753	0.00259395
-0.0030396	-0.00486649	-0.00516364
-0.00311457	0.00231799	0.00879842
-0.00426027	-0.00399311	-0.0018064
0.00454908	0.000362498	0.00677467
-0.00613066	0.012632	0.0153078
0.00307697	-0.0101893	-0.00602689
-0.0162458	-0.000249665	0.0172552
-0.0121271	-0.00964036	-0.000495227
-0.00641747	-0.00501037	-0.0113174
-0.00539385	0.000436055	0.000350996
0.00303583	-0.00454405	-0.0187298
-0.00597362	0.00202927	0.00420249
0.00939471	-0.0010285	-0.00123072
-0.00310769	-0.000527389	0.00361117
0.000448685	-0.00708697	0.00999051
-0.00903875	0.00585216	0.00599084
0.00304214	0.000503814	-0.00133144
0.000158691	0.00173317	0.0206308
0.00865406	-0.00691657	-0.00798172
0.00782651	0.00639587	-0.00088377
0.00929965	0.00637937	-0.0100489
0.0146648	0.00367048	0.00299605
-0.0019715	0.00424491	-0.00419112
-0.00283866	-0.00151241	0.00831496
-0.00785433	-0.011703	0.00272258
0.000891205	0.00577918	0.0072551
-0.00401679	-0.00291069	0.00137844
0.000376552	0.00319792	0.00990017
0.000318151	0.0105922	0.00394747
0.0032523	-0.000426047	0.00613349
0.0088233	0.0133125	-0.00106927
-0.013081	-0.00259383	0.00274923
-0.00450466	-0.00253974	-0.00880927
-0.0137693	-0.0062703	0.000605867
0.00112757	0.00186934	-0.008154
-0.00115549	0.00407565	0.0136519
0.000176767	-0.00165548	-0.00383013
0.00228179	0.00590276	0.0150989
-0.00344994	0.000325485	0.00470384
-0.00473156	0.0102127	-0.000802399
0.00855046	-0.00264839	-0.00296688
0.0121139	-0.00320388	-0.0269003
-0.0132598	-0.000757529	-0.0265484
-0.00767317	-0.00963082	-0.00160992
-0.00235486	0.0108903	-0.0131169
0.000703764	-0.0019994	0.0120651
7.04238e-06	-0.0231972	-0.00481911
0.00274679	-0.00346262	0.01824
-0.0044887	0.0195776	0.00188217
0.000873249	-0.00349132	0.00980111
-0.00277919	0.00165406	0.00340093
-0.000943734	0.00315057	0.00276372
0.000504542	0.000322382	0.0211903
0.00750705	0.0105302	-0.0047146
-0.00187357	0.00819425	0.00605354
0.00254475	0.000851787	8.47927e-05
-0.00818685	-0.000459133	-0.00978748
-0.00483934	-0.00943738	0.0139181
-0.00136426	0.00353061	-0.00810797
0.00571387	-0.011497	0.00502876
0.0027261	-0.00124264	0.0126834
0.00171403	-0.00427427	-0.00335432
0.0046819	-0.00275288	0.0132554
-0.00115664	0.00499043	-0.00768964
0.00494942	-0.00049688	0.00688571
0.00532696	0.0101141	-0.010568
-0.0071614	0.00985302	0.000432998
-0.00702417	0.00352614	-0.00664688
0.00209674	0.00816305	-0.00152429
0.00357771	-0.00916741	0.00333874
-0.00094108	0.00148834	0.0198813
-0.0069122	0.00457676	-0.00833727
0.00123959	-0.000514436	0.0191173
-0.00161046	0.00707173	-0.0143501
-0.00816	0.002385	1.49178e-05
0.00490631	-0.000646366	-3.08833e-05
0.00454213	0.00143723	-0.00368047
0.00161915	-0.0040842	0.0144518
0.00822719	0.00447892	0.0017497
-0.00206391	-0.00282106	0.013849
0.000865542	-0.00428329	0.00759159
-0.00233125	-0.00470542	-0.00287887
-0.00554245	-0.0149427	0.0101158
0.01545	0.00041304	-0.0250664
0.00433533	-0.00436518	0.000836608
0.00764361	0.00811878	-0.0261666
-0.000928918	0.0126336	-0.00330646
-0.0024523	-0.00330396	-0.0155559
0.00010005	0.00643033	0.000766443
-0.00825249	-0.00585607	-0.00392099
-0.00391972	-0.00862923	-0.000451688
0.000386842	0.00695332	0.000245724
-0.00918855	0.0036615	-0.0197916
-0.00475999	0.00989884	0.00872892
7.99587e-05	-0.000353292	-0.0153256
-0.00334305	-0.000103272	-0.00410418
0.00119228	0.0069272	0.00455028
0.000167679	0.00135472	-0.0115894
-0.0032848	0.0185169	-0.0220699
0.00694166	-0.0166994	0.00551867
-0.00563766	-0.00196302	-0.00432317
0.000663791	0.00366743	0.0192286
0.00359393	-0.00773425	-0.00487986
-0.00120434	0.00776786	0.0201398
0.00535128	0.00415164	0.00174665
0.00549613	0.00900511	0.00444666
0.00278308	0.0074846	0.000433266
-0.00526455	-0.00489741	-0.00660729
0.00654563	0.00326275	-0.0222585
0.00182646	-0.000832665	0.00452695
0.0130735	-0.0111444	-0.0338113
0.00603723	0.00609197	-0.00155162
0.00707189	-0.00727094	-0.0150753
-0.00350797	0.0147605	-0.00194059
0.0014059	0.00337083	0.00780653
0.00186301	0.00733362	-0.00295839
-0.0103112	0.00422051	0.0148501
0.000240182	-0.000308479	-0.00356798
-0.0074105	0.00251211	0.00641581
0.00166406	-0.00445764	0.00208795
-0.00511198	0.00168548	0.0046787
0.00188115	-0.0101893	-0.0041244
0.00380751	5.81576e-06	0.00844912
0.010654	-0.000190513	-0.0188976
0.00878804	0.00800636	0.00341093
0.00575596	-0.00848043	0.0020107
0.0105621	-0.000346404	0.0043375
0.000369769	-0.00769346	-0.00461545
0.00387008	-0.00419113	-0.00153586
-0.0169797	0.00329738	-0.0174702
-0.00480967	0.00802534	-0.00601727
-0.000462118	0.00387075	-0.0216734
-0.0102838	-0.00134287	-0.00935586
0.00649798	-0.00152868	-0.0119389
-0.0033291	-0.0103578	-0.0122447
0.00492497	-0.000749391	0.00908723
0.00585073	-0.0148298	-0.010639
-0.00495037	-0.00385301	0.0269384
-0.00191687	0.00353054	0.0106987
0.00707222	0.00295647	0.0174304
0.00797295	-0.000428587	0.0174682
0.0115295	-0.0032557	-0.00129511
0.00121517	0.00432506	-0.00218512
0.00202725	-0.0149969	-0.00481991
0.00603732	-0.00585301	-0.00480155
0.000602801	-0.0157497	0.00256158
0.010563	-0.000246094	-0.00570038
0.0066347	-0.00302654	0.00278361
-0.00612316	-0.0164763	0.0025056
-0.00410836	0.0410377	0.00657389
-0.00176477	0.0193124	0.0179108
0.00202091	-0.0232171	0.0109457
0.00508825	-0.017521	-0.00479746
0.00660817	0.0087229	0.00680515
0.00329114	0.00633699	0.00999226
-0.0140195	0.0127801	0.00662146
0.0054977	-0.000277779	-0.00684883
0.00486463	0.00391614	0.0141051
0.00071677	-0.00829178	0.0127189
-0.00151268	0.0034116	-0.00620236
-0.00192613	-0.00193726	-0.0143222
-0.0054465	-0.00423326	-0.000319423
-0.00526145	0.00218346	-0.020376
0.00283692	-0.0150286	0.00579375
-0.00663159	-0.00326872	0.0175213
-0.00189729	-0.0129298	-0.00421717
-0.00659503	-0.00247368	0.0397426
-0.0122791	0.00721806	-0.00683347
-0.000555209	-0.00318357	0.016394
-0.00170925	0.00987343	-0.00334685
0.00806117	0.00046678	-0.00817396
-0.0043424	0.00689965	-0.000985751
0.0151219	-0.00219636	-0.00837397
-0.00167085	0.00141552	0.00548601
0.0127583	-0.000475014	-0.0050119
0.00454753	-0.00601386	0.00576976
-0.0082097	-0.0089124	-0.00709715
-0.0122405	0.00154004	-0.000138227
-0.0104613	-0.00656893	-0.0108413
-0.00413383	0.00329111	0.00329498
0.00961031	-0.0109115	-0.0161352
0.00701763	0.00127723	0.00278208
0.00560743	0.000415215	-0.0154039
0.0119574	0.000532458	0.00826643
-0.0163678	0.00337725	-0.00205008
0.00515844	-0.00266461	0.0052299
0.00307448	-0.00204269	0.0049148
0.000672403	0.000505284	-0.00557242
0.00716789	-0.00368659	0.00150106
-0.00572192	0.00181121	-0.00721456
-0.00229892	0.00495409	-0.00193688
-0.00488257	0.0019571	0.00217377
-0.00188304	0.0226797	0.000949891
-0.00275662	0.00277024	0.0201111
0.00563709	0.00373923	-5.17411e-06
-0.0138947	-0.00948336	0.0238239
-0.0012341	-0.00826896	0.00601528
-0.0122224	0.00378312	0.00881227
0.00208923	-0.00979723	0.0111251
0.000236904	0.00230355	-0.00144946
0.00328758	0.0170588	0.00346309
0.00313527	0.000924625	0.00423509
-0.00192947	0.0100669	0.0140549
-0.0103149	-0.0131895	0.00868749
0.0119811	0.00174183	0.0392726
0.00315921	-0.0150928	0.0105438
0.00668314	0.00857708	-0.0157736
-0.00349211	-0.0147864	0.0205078
0.00366016	-0.0119252	0.0279195
-0.00208812	0.0111772	-0.0433908
0.000576634	-0.00324669	0.00249782
0.00102605	-0.00793079	0.0418991
-0.00230551	0.00467634	0.0235923
0.00270419	-0.00321027	-0.0236482
-0.00286606	0.00852019	0.0118252
-0.0112744	-0.0009737	-0.0424425
0.00541173	-0.00932852	0.00480807
-0.00527986	0.00254425	-0.0247973
0.00400538	-0.00521539	0.00887359
-0.00198829	-0.00158726	-0.0117674
0.0010613	-0.0164046	0.0197415
-0.00337879	0.011768	-0.00559102
0.000131269	-0.00272638	0.0266377
-0.0101235	0.010539	-0.00793416
0.00120409	0.00663511	0.0260325
0.00924076	-0.00556569	-0.00617809
0.00150379	0.00443945	0.0143327
0.0113177	-0.0120844	0.00294222
-0.00825242	0.00543618	0.00655097
0.00638737	-0.0168955	0.0149346
-0.0103699	0.00129438	-0.001322
0.00176089	-0.00550027	0.00774033
-0.00493546	-0.00139527	-0.00561868
0.00702673	0.00643143	-0.0013148
-0.00875363	0.002592	-0.00294283
0.000118706	0.00537982	0.000946995
0.0095019	-0.00274753	0.0025713
0.0109628	0.00307344	0.00608329
-0.00840658	0.0048334	-0.00385542
-0.0102463	0.00430365	0.00095309
-0.00432859	-0.00178594	-0.00222957
-0.00834075	0.00110221	0.00364263
0.00230442	-0.00331578	-0.00317845
-0.00992212	-0.00131794	0.0152795
-0.00878711	0.00336676	0.00151458
-0.0100686	-0.0065069	0.0199523
-0.00333682	0.00882008	0.0043736
-0.0117063	0.000461544	0.00651889
0.00771967	0.00843721	0.00228734
-0.00577874	0.00838281	-0.0159729
-0.000889731	0.00262756	0.001735
0.00616349	-0.00013507	-0.0360605
-0.0053446	0.00281159	-0.00031653
0.0022862	0.00159728	-0.0329321
-0.00183669	-0.00479823	-0.0128095
0.00124174	-0.00468576	-0.00814697
-0.00396037	-0.00374854	1.27952e-05
-0.00961517	0.0165919	0.00386085
-0.00317133	0.00699055	0.0161895
-0.00592458	0.00173927	-0.00380862
0.00542668	-0.00479369	0.0191141
0.0040168	-0.00267089	-0.0124685
-0.00686518	0.00262788	-0.00256735
0.00277777	-0.00116226	-0.00201105
-0.0132686	0.00162221	-0.00300753
-0.00417849	-0.0108705	7.55897e-05
0.012674	-0.00293227	0.00379845
-0.000434983	0.0323725	0.00714742
-0.000239311	0.00496567	0.0204803
-0.00947586	0.0168096	-0.0201089
0.002497	0.00485594	-0.0150922
0.00648044	0.00628562	-0.0140363
0.00811995	-0.0225071	-0.00487488
-0.00167612	0.00949338	-0.00542401
0.0061813	0.00539135	-0.0116735
0.00792317	0.00259441	-0.00531087
-0.00922501	0.0167593	-0.00488261
0.00462831	-0.0145729	-0.0141479
-0.011297	0.00233346	0.00626067
-0.00256991	-0.0119036	-0.00709961
-0.00959878	0.00120734	-0.0113047
-0.00351198	0.00136599	-0.00901629
-0.00409524	-0.00452388	-0.0403427
0.0137796	0.00403151	-0.0015637
0.00159539	0.00241471	-0.0414962
-0.00171474	-0.00152273	0.00631163
-0.0104708	0.00728272	-0.0164356
-0.00647691	-0.00568605	0.00853235
-0.0121404	-0.00749697	-0.00547931
-0.00157748	-0.00295415	-0.00374764
-0.00922129	0.00033619	-0.00706375
-0.00121616	-0.00265124	-0.000775943
-0.0042704	-0.00110943	0.00197408
0.00516831	-0.00561127	0.0144876
-0.000693655	0.00204762	0.00956676
-0.000240536	-0.00468721	0.0137279
-0.00228076	0.00532447	0.0119326
0.0123127	0.000773608	0.00912892
0.0172176	0.00860363	0.009673
0.00846876	-0.00569394	7.75337e-05
0.0223268	0.000632207	0.00834013
0.00755264	-0.00415827	-0.00184412
0.00621781	-0.00315948	0.000548665
0.00124428	0.0045034	-0.0095569
0.0193097	-0.00478573	-0.00025151
0.00676551	0.00376137	-0.0156366
0.00516593	-0.00572389	0.00123654
0.0140923	-0.00287166	-0.0168413
-0.00605859	0.00234245	0.00527194
0.00119346	-0.00708943	-0.017674
0.00433114	-0.011315	-0.00370178
-0.0121623	0.00431536	-0.0184665
-0.000552508	-0.00482728	-0.0196513
-0.00509551	0.00306194	-0.018372
-0.0012334	0.00910753	-0.00780459
0.00712055	0.00271573	-0.00967891
-0.00375256	0.0070852	-0.00815409
0.0154973	-0.00219895	-0.00746699
-0.00356513	-0.0154552	-0.0170659
0.00311598	0.0115131	-0.0150731
-0.0147842	-0.00547496	-0.0286388
-0.00719663	0.00590169	-0.00510621
0.00732764	0.00816522	-0.0354582
0.00182062	-0.0233099	-0.0052652
0.0129336	-0.0134744	-0.0277401
-0.00187272	-0.00748259	-0.0208336
0.00274109	0.0108431	0.0152927
0.00393299	-0.00137669	-0.0160007
-0.00423241	-0.00713783	-0.0562316
0.00402777	0.00102699	0.0644506
0.0049894	0.00697012	-0.00727401
0.00123386	0.00192915	-0.0111196
-0.00454178	0.00832858	-0.00200908
-0.00145796	-0.00455255	0.0134792
-0.000906438	0.00289369	-0.00234867
0.00299682	-0.002047	0.0287427
-0.00544683	-0.019134	0.00342153
-0.00767892	0.00378607	0.0195041
0.00286917	-0.00631566	-0.0246516
-0.00313334	0.0053557	0.0322495
-0.00208555	-0.000315129	-0.0168314
0.00208051	0.00066209	0.0114899
-0.000681611	0.0108451	-0.0136473
0.0113561	-0.0114906	0.0115852
-0.00459226	0.00407449	-0.0225793
-0.00214167	-0.00688222	0.0133743
-0.0217649	0.00390288	-0.0210923
-0.00763243	-0.00847683	0.00785087
0.000676265	-0.00442251	-0.027553
-0.00348403	0.00284544	-0.00842158
0.00817452	-0.00679534	-0.0218408
-0.00717235	0.0148385	-0.0122964
0.00689896	-0.0029451	-0.0105884
-0.0142835	0.00461281	-0.00910785
0.0131577	0.000141643	-0.00441955
-0.00733196	0.00345869	-0.0173323
-0.0117438	0.000199528	-0.000673982
-0.0205299	0.00129218	-0.0173557
-0.00627164	0.00392213	-0.0124664
-0.0124119	-0.0082355	-0.00747749
-0.00321762	-0.0130581	0.0174067
0.00290564	0.00531453	-0.00780651
-0.0153517	0.00662359	0.0213675
-0.00118088	0.00704018	-0.0124836
-0.0197404	0.00861376	0.0150551
-0.0098464	-0.00129252	-0.00531867
-0.0188817	-0.00706696	0.0137608
0.00633123	0.00216781	-0.00222431
0.00345808	-0.00110548	0.00659366
-0.00428198	0.00154241	0.0137617
0.0093669	-0.00918592	0.0106895
0.00517301	-0.00927588	0.0251528
-0.00346874	-0.00220415	0.0168666
0.0126317	-0.00237635	0.0214641
-0.00148485	-0.000455721	0.00695942
-0.00517669	0.0019651	0.0237198
0.000122163	0.0036203	-0.00520623
-0.00133289	0.00495689	0.0101255
0.0015616	0.00897236	-0.00928861
-0.00990232	-0.00224668	-0.0023162
-0.00833782	0.00320758	-0.0175793
-0.00448165	-0.00203606	0.00404161
0.00174045	-0.00325331	-0.0191614
0.0110229	0.0146027	0.00178603
-0.0171944	0.00713127	-0.0131679
-0.00881336	0.0162822	0.00611893
-0.0056761	0.00897999	0.0121626
-0.00792997	0.0157951	-0.000788838
0.0116586	0.0201946	-0.00168205
-0.00371209	-0.0361341	0.00805365
-0.00613985	-0.0102976	-0.0121383
0.00387704	0.0137258	-0.0295219
-0.00421151	0.0249842	-0.00874516
0.0130395	-0.0195906	0.0141204
-0.00366721	0.00949534	-0.00571499
0.00288439	-0.0200459	0.0130042
-0.000599538	0.0120365	0.0154407
0.0055584	0.00891411	-0.0300838
-0.00591277	0.021076	-0.00292647
0.0183282	-0.0101128	-0.0141187
4.73595e-05	0.027146	-0.00378287
0.012982	-0.0155431	0.0277158
-0.00334245	0.000929499	0.00951648
0.00908027	-0.00067758	0.0132574
0.00504249	7.8257e-05	0.00653742
0.00910246	0.00747213	0.0163099
0.0117449	0.0044642	0.0160141
-9.26513e-05	0.010232	0.0123892
-0.00279039	0.0162745	0.0233508
0.000838685	-0.00863011	0.00593916
0.0200732	-0.0120515	0.00958684
0.0108681	0.00746292	-0.00906021
-0.00165171	-0.00439596	0.0110175
0.000220615	-0.000965498	-0.00776587
-0.00418279	0.00850268	0.0179619
0.00530211	-0.00239783	-0.00319899
0.00308965	0.00169879	0.0151386
0.00790025	0.00525274	-0.0127799
-0.00311217	0.00221225	0.00416286
0.0186793	0.00722801	-0.0140984
-0.00637033	0.00174685	-0.00898595
0.00520431	-0.00212213	-0.0166196
-0.000228343	-0.00197447	-0.00564666
0.00821606	-0.00226566	-0.0155945
0.0137037	0.00232468	-0.00389992
-0.00517053	0.00329727	0.00229413
0.0200488	-0.00786198	-0.00544555
0.00684095	-0.00299704	0.00199819
0.0117076	-0.000523518	-0.010175
0.00163617	-0.00212542	0.00921077
0.0105025	0.00691823	-0.0106436
-0.00300306	-0.00501128	0.025319
-0.0073442	0.0019103	-0.00820403
0.00815125	0.000373668	0.0271509
-0.00904707	-0.00771322	-0.0135011
-0.000672151	0.00878835	0.0308264
0.00484134	0.00109629	-0.010542
0.00672459	-0.00655235	0.0409609
0.00131797	-0.00784561	0.0193323
0.0303576	-0.00378107	0.0244428
0.00172413	-0.00521813	0.0185265
0.0110228	-0.00185487	0.026723
-0.000746577	-0.0149338	-0.000315468
0.00786336	2.0733e-05	0.0277129
0.00369946	-0.00498885	0.00762416
0.00519176	-0.00205134	0.0265595
-0.00742309	0.00107415	0.0231744
0.00054961	0.00512975	0.0163403
0.00666437	-0.0103501	0.0216648
0.00678211	0.0238962	-0.0136362
-0.00814334	-3.86569e-05	0.0175009
0.00711426	0.00595704	-0.000240173
-0.015405	0.00271485	-0.00261356
-0.00374175	-0.00923138	-0.00601426
0.000995406	-0.00871205	-0.0102749
0.000891403	0.00990918	-0.0206599
0.00121456	0.0206206	0.0331977
-0.00761915	-0.0254884	-0.00537359
-0.0043837	-0.0262515	0.00112888
-0.00561164	0.00957404	-0.0220272
0.0025778	-0.0240215	-0.0236206
0.00188913	-0.00382473	0.0142966
0.0010627	-0.00824688	-0.0182816
0.00251319	0.00231475	0.0302939
0.0046084	0.00349104	-0.0254119
-0.0103081	0.00481057	0.0411215
0.00111789	-0.00544412	0.00630766
0.00767323	0.00356334	-0.00342328
0.00420718	0.0116378	0.0116721
0.00138495	-0.00366734	0.0020398
0.00366867	0.00588511	-0.00415206
0.00351634	0.00478401	-0.00162473
-0.00619662	0.00300745	0.0129417
0.000967575	-0.00281351	-0.00665587
0.0214545	-0.00943068	0.0212946
0.00106378	0.00829513	-0.00932063
-0.00283189	-0.00143268	0.0477039
-0.012104	0.0101955	-0.00326328
0.0147712	-0.00343014	0.033524
-0.00120613	0.00973935	0.00339109
0.0145544	0.00346616	0.0152424
-0.00209192	-0.00193976	0.00728977
-0.0088205	-0.00123579	0.0152136
-0.0102694	-0.00561027	0.015623
0.00461367	0.00260698	0.00326716
-0.016224	-0.0120352	0.0184842
0.00121852	0.0002823	0.00238903
-0.0395477	0.000772783	0.0109666
0.00213594	-0.00489426	0.0138337
-0.0335356	0.0130598	-0.00329254
-0.0165888	0.00888417	-0.0107359
0.00701316	-0.0136594	0.0106512
-0.0166755	-0.00363877	-0.0117508
-0.00381499	0.0014648	0.0215239
-0.0276352	-0.00991084	-0.0108253
-0.00556607	0.000352301	0.00791259
-0.011721	0.00951365	-0.0140258
0.00729509	0.00636434	-0.0132725
0.00164547	-0.00205278	-0.0150893
-0.00298906	-0.00089253	-0.0169236
0.00152511	0.00641269	-0.0121424
0.012284	0.0058587	-0.0214037
-0.00594969	0.00420553	-0.012453
0.0027922	0.00256977	-0.0137248
0.00238992	0.00738082	-0.0110467
-0.0229979	-0.00117379	0.00848045
0.00533464	-0.0098114	0.00724421
0.00744618	-0.00663904	-0.00753899
0.00591276	-0.00663144	0.017751
-0.000942544	-0.00926581	0.00132178
0.0108344	-0.00710595	0.0183358
0.0144197	-0.0118129	3.04545e-05
0.0264457	0.0053306	0.0073819
0.00700514	-0.0283616	-0.0032823
0.0108981	-0.020127	0.017354
0.0013544	-0.0382574	0.00834222
0.0354805	-0.0130434	-0.00693198
0.00953092	-0.0345229	0.00702847
0.0227433	-0.011126	0.000243145
0.00178942	-0.0122141	0.00615658
0.0133363	0.00248127	0.0308218
0.00611211	-0.000185696	0.00300562
0.0024063	-0.016115	0.0406061
-0.00186195	-0.0456014	0.0159761
-0.000867298	0.00109412	-0.0247225
-0.00737607	-0.0191984	-0.0163692
-0.00467077	0.00141707	0.000881293
0.000409169	-0.00288611	-0.0363703
-0.0103302	0.00297321	-0.00961788
-0.00748492	0.00195013	-0.0109016
-0.00281827	-0.0119866	0.013476
-0.025722	-0.0196328	-0.00108823
-0.00131563	-0.0271392	0.0264877
-0.0120115	0.00695996	-0.0349379
0.00665034	-0.0260288	0.00967829
-0.0250135	0.0161924	-0.0134368
0.0144756	-0.0173848	0.0106957
-0.00930447	0.0206061	-0.0201819
0.00439349	-0.0013644	0.0235927
-0.0104822	0.00205284	-0.0158685
0.0189982	-0.0141131	0.00611593
-0.00918029	0.00250213	-0.0144578
-0.0165328	-0.0169324	0.0238561
-0.0103559	0.00897081	-0.0110314
0.0155519	0.010413	0.00544535
0.00383675	-0.00654155	0.00519198
0.00057679	0.00474716	0.00615792
0.00426151	-0.00275666	0.0102119
-0.0010402	-0.00212689	0.00738203
0.00151762	-0.000474419	0.00919354
0.0193858	0.00241108	-0.00566327
-0.000815885	-0.00323999	0.00891379
0.0172731	-0.0107791	0.00568349
0.0372032	0.0034732	0.00400076
-0.00995673	-0.00803123	0.0199948
0.04823	-7.53189e-05	-0.00318768
-0.00644848	-0.00169269	0.00395188
0.0649708	-0.00273846	-0.00296481
-0.00174976	-0.00684148	-0.0275676
0.000737685	0.0054336	-0.00557565
-0.017939	0.0152387	-0.0319253
-0.000411339	-0.00835212	-0.00947049
-0.00679978	0.00495623	-0.0156777
-0.0165167	-0.00293035	-0.00343349
-0.00421753	-0.011354	0.0120617
-0.00966887	-0.00486388	-0.0106461
-0.00372493	0.00759097	0.0150774
-0.0133405	0.00307085	-0.0258507
-0.00483663	0.0105205	0.010818
-0.0237098	-0.00562396	-0.0275713
0.0037625	0.00471125	0.011281
-0.0155806	0.00418247	-0.0394884
0.00075272	0.00631092	-0.00328846
0.00297068	0.00466786	-0.0524613
-0.00456232	0.00630362	-0.00942664
-0.0284811	-0.0042776	-0.0200555
0.00420892	0.00841617	0.0123944
-0.00690376	0.00239588	-0.034117
0.00170211	0.0198332	0.0131843
-0.0224145	0.00144971	-0.0154883
-0.00364456	0.00244895	0.0167356
-0.01071	-0.00103976	-0.00302214
0.0086407	0.0164602	0.0155018
-0.00383418	0.0092468	0.0118401
-0.0312787	0.0122887	0.0451219
-0.0106695	0.0387024	0.00694424
-0.0224926	0.00734981	0.0251965
-0.0114871	0.0443449	-0.00721139
-0.00612154	0.00145581	0.0170546
0.0077286	0.0078989	0.0278702
-0.00550673	-0.0245557	0.0238676
0.00446525	0.00467813	0.0335461
0.000180461	-0.0155322	-0.000397398
0.00233064	0.0696268	-0.0465544
0.0095419	-0.0212975	0.0231481
-0.00710721	0.0303146	-5.35795e-05
0.016072	-0.00476116	-0.00526005
-0.0179238	0.0272003	-0.0130934
0.00739785	-0.00822117	0.00836424
-0.00710487	0.0137701	-0.0310947
0.00675268	-4.4956e-05	-0.00125131
0.0192844	0.00814682	-0.056574
0.00320685	0.0102105	0.0154992
-0.00387592	-0.00503451	-0.0369068
0.00356025	0.0167627	-0.00627382
0.00309313	0.00409435	-0.0455924
-0.0164157	-0.00539801	0.0141162
-0.00827298	-0.0139329	-0.0331829
0.00502942	-0.00428476	-0.00395068
-0.0168062	-0.00343782	-0.0170318
-0.0221394	-0.0145094	-0.00219016
-0.000283893	0.000523527	-0.0077996
0.0170057	0.00879391	-0.0515166
0.00158436	-0.0030132	0.0033504
-0.0149661	-0.00510838	-0.0419821
-0.00157387	-0.00745814	-0.00280621
-0.00472374	0.00314523	-0.0257585
0.0056777	0.0020673	-0.00144511
-0.020083	-0.00200844	-0.0189791
0.00232121	-0.0152773	0.000804687
-0.019573	-0.00406437	-0.0119281
0.00847515	0.00639504	-0.00224275
-0.0181932	0.00709725	-0.00344113
-0.0195364	0.00457999	0.0157664
-0.00117667	-0.00271639	-0.00932235
-0.0518326	0.00349596	0.0348233
-0.00109236	0.00635469	-0.00481522
-0.0594512	-0.010201	0.0587557
0.0266191	0.000719844	0.0280893
-0.00812159	0.00858111	-0.0114456
0.0549011	-0.00664252	0.0282299
-0.00725229	0.0115594	-0.025274
0.016839	0.000295604	0.0164783
0.00714219	0.00673181	-0.0217668
0.0201903	0.00401801	0.0060526
-0.00797259	0.00405745	-0.00433753
0.00676259	-0.00840787	0.00625385
0.00330733	-0.00909445	-0.000297916
0.0156917	0.00371666	0.00943656
-0.00240093	0.000979627	-0.00638942
-0.0102026	-0.014598	0.00531912
0.000790247	0.00249613	-0.00553972
-0.00836399	-0.00287716	0.000179183
-0.0202551	-0.00398995	-0.00216893
0.00210872	0.00995603	-0.0062872
0.0183204	0.0112376	-0.0213331
-0.0129245	0.0142049	-0.00406777
-0.014393	0.00739845	0.0045401
-0.00823019	-0.00361693	-0.00588617
0.0110548	0.0164391	-0.0194145
-0.0131908	-0.00368297	-0.00810972
-0.0119184	0.00853271	-0.00109027
-0.0125035	-0.00395125	-0.0101639
0.0112671	-0.00118672	-0.00446419
0.0247533	-0.00445154	-0.0370038
0.0102019	-0.0399952	-0.00441182
0.0182045	-0.0440487	0.00029495
0.0255022	-0.0431824	0.00484852
0.0104634	-0.0194355	-0.00759835
0.00926849	-0.0123163	0.023145
-0.00646801	-0.0292067	-0.0461189
0.0124894	0.0177741	0.0207886
0.0011592	0.0140913	-0.0485562
-0.0015378	0.00190504	0.0696403
0.0103344	0.0135614	0.0957842
-0.00451319	0.0384458	0.000410027
0.00867417	-0.0312301	0.0822039
0.00524057	0.0250168	0.00496112
0.0053518	0.0120236	0.0635237
0.0122868	-0.0112979	0.0126542
0.011047	0.00827478	0.0238474
0.00928369	0.0100979	0.0110494
-0.000198518	-0.00821913	0.00903258
-0.00982963	0.0194031	0.0276878
0.00907181	0.00118681	-0.019078
0.0147707	0.0155663	0.00494837
-0.015692	0.010794	-0.0085686
0.0115593	-0.0169128	0.00237775
-0.00752353	0.0207712	-0.054548
0.0153546	-0.0165624	-0.00184643
-0.0428088	0.00128357	-0.0283188
0.0258842	-0.0192433	-0.0117805
-0.0143507	0.0255875	-0.0451159
0.00316747	-0.0232959	0.00731239
-0.0420748	0.00890874	-0.0200458
0.0198631	-0.0126891	-0.00158908
-0.0296639	0.00465973	-0.020936
0.00790125	-0.00429431	-0.00168211
-0.03846	0.00664316	-0.0342446
-0.0183281	-0.024286	-0.0050678
-0.00487027	-0.0148245	-0.0347807
0.00580992	0.0184556	-0.0140965
-0.0177808	0.00589614	-0.0170334
-0.0238945	-0.00194851	-0.00361668
-0.00431946	8.19402e-06	-0.0241128
0.0386703	-0.0144051	-0.00983215
-0.0133248	0.0247948	-0.01694
0.0311883	-0.00582855	-0.0114066
-0.0062915	0.00105678	-0.00501452
0.0576695	0.000861127	-0.0218881
-0.0233079	0.00645138	0.0381452
0.00783482	-0.00573506	0.00443358
-0.0498954	0.00158408	0.0522271
-0.0103094	-0.00169142	0.00968525
-0.0150228	-0.00093947	0.0263341
-0.0190693	0.00377688	-0.00193716
-0.0111966	0.00158206	0.00804734
0.0170683	-0.00449857	-0.014842
0.00919319	4.86387e-05	-0.00967145
0.00174594	0.0142392	0.00719133
-0.0200045	-0.018979	0.000213015
0.0144099	-0.00829443	0.00925677
0.0184137	0.0170628	-0.00549243
-0.00480658	0.00109546	0.00437794
-0.00113401	-0.00105229	-0.0136722
0.00727959	0.00760009	0.00792462
-0.0227634	-0.00705524	-0.0117217
-0.0117812	0.0109783	0.0112637
-0.00556452	-0.00212347	-0.0454277
0.017206	0.0169793	-0.0234046
-0.028904	-0.00516419	-0.0473743
-0.0115305	0.00835899	-0.00505135
-0.0205576	-0.00544694	-0.0510376
0.0183978	0.016366	-0.0323412
-0.0141312	0.0159741	-0.0661117
-0.0164214	0.00407149	-0.0101602
-0.0276677	0.00377974	-0.054704
-0.00996492	0.0267485	-0.00245609
-0.0192446	0.049128	-0.0692412
-0.0277767	0.0385413	0.0277438
-0.0284343	0.0431776	-0.0449761
-0.0162654	0.0396343	-0.000276153
-0.0205164	0.050233	-0.0301606
-0.0232244	0.0381465	-0.00268319
-0.0119928	0.0516228	0.000493258
-0.0188266	0.0108375	0.014796
-0.00324483	0.041011	0.00302486
0.0102855	-0.0548623	-0.00198811
-0.0133522	0.0628657	-0.0259002
0.00741278	-0.0677351	0.0187203
-0.0220842	0.029691	0.0308029
0.00982863	-0.0360612	0.0280858
-0.0177386	-0.00765722	0.0112381
0.0125728	-0.0360707	0.0296533
-0.0210651	0.017464	0.0563759
0.00957368	-0.030626	0.0354551
-0.00408217	0.034606	0.0107714
0.0272075	-0.0105461	0.0357898
-0.00985923	0.0118177	0.0203215
0.0152691	-0.00587819	0.0579469
0.0256814	0.00245663	-0.0138976
-0.00096152	0.00439034	0.0801507
0.0110038	-0.0128489	0.00316694
0.0213218	0.0257382	0.0683624
0.0506242	0.00710325	-0.0299138
-0.0093718	0.0184865	0.0636416
0.0243722	0.00351043	0.00429549
0.024196	0.034987	0.0199641
0.0326625	0.0102702	-1.75375e-05
-0.0182526	0.00594084	0.0250688
0.0199363	-0.0096329	-0.00663636
-0.0113329	0.00452126	0.0087448
0.0551361	-0.0150394	-0.00868554
0.0168113	0.022419	-0.0122
0.00061898	0.0188761	0.00170984
-0.0209807	0.0020056	-0.000532485
0.0225606	-0.00211721	-0.0173204
-0.00980132	-0.00871314	-0.0192463
0.023359	-0.00632456	-0.0184574
-0.0535162	0.0235993	-0.0296297
-0.0109069	-0.00730685	-0.0198803
-0.0910608	-0.00518938	-0.052799
-0.0112196	-0.00386876	-0.0230352
-0.120605	0.00651067	-0.0607668
0.047861	-0.0141632	0.00648613
0.00665224	0.0050605	0.00946728
0.0572388	-0.0167021	0.0102645
0.0404199	-0.0141477	0.0179585
0.0147729	0.00563065	0.0103733
0.0315321	-0.00393546	0.0401614
0.00399418	-0.0149902	0.010724
0.0259216	-0.00581784	0.0495078
-0.00683195	0.00688463	0.0164671
0.0326661	-0.00311367	0.0339027
0.0205273	-0.00340766	-0.0105971
0.0121795	0.00702211	0.055742
-0.0217624	-0.0169899	-0.00176668
0.0541011	-0.00752778	0.0482038
0.00347673	-0.0158041	0.0130836
0.038995	-0.00816388	0.0395338
0.0299998	-0.00699813	-0.00527302
0.0393761	-0.00942114	0.0412507
-0.0018927	-0.0307417	-0.00136103
0.00234328	-0.0279839	0.0644744
0.0374754	-0.00401183	-0.0266834
0.0257701	-0.0159194	0.0379792
0.0119381	0.00205223	-0.00170196
-0.0108015	-0.0061959	0.0475712
0.0111648	0.000532185	0.000583656
0.0118837	0.0167198	-0.00963025
0.00375752	0.0112733	0.00688174
-0.0174661	-0.00260317	-0.0121993
0.0082754	0.0141594	0.0103249
0.00672157	-0.0220935	-0.0525083
0.0229509	0.00489999	-0.0243858
-0.0200996	-0.0413525	-0.0759216
0.0193163	-0.00689071	-0.00837259
0.00631693	-0.0280447	-0.107869
0.00922464	-0.012687	0.00632445
-0.0126841	-0.0113304	-0.133071
-0.00217911	0.00431205	-0.0275668
0.00245174	0.0529451	-0.214677
-0.00154288	-0.0512056	-0.208471
0.00166844	0.0368556	-0.00682836
-0.00336975	-0.0334589	-0.17153
-0.00886991	-0.0156797	0.0455163
-0.000957821	0.0115417	-0.163648
-0.00952983	-0.0157026	0.0489998
-0.00219621	-0.00628655	-0.11061
-0.0138789	0.02411	0.0591931
0.0155115	-0.0190596	-0.105432
-2.82298e-05	0.0105232	0.056212
-0.00472203	-0.00887117	-0.0295872
0.0096203	-0.00772064	0.0381269
0.00542705	0.0284887	-0.0433733
-0.000635252	-0.0197971	0.0499235
-0.0340421	-0.00464351	0.0294235
0.0250184	-0.018741	0.0281509
0.000424139	0.0243041	0.0221374
-0.0199933	-0.01512	0.0504548
-0.0273783	0.00167994	0.0554339
0.0248769	-0.00109798	0.0185614
0.00038364	-0.00295446	0.0484765
-0.0157602	-0.0106996	0.0351984
0.0107571	-0.00511483	0.0439438
0.0128206	-0.00677274	0.00737243
0.0501846	0.00117354	0.0520963
0.025191	0.029778	-0.0036952
-0.0245893	0.00970308	0.071364
-0.0305467	0.00113449	0.0146092
0.0490157	-0.00212078	0.0391354
0.0268193	-0.00581668	-0.0116972
0.0129922	-0.00196586	0.0504355
-0.00569119	0.00972635	-0.015356
0.00855739	0.0129603	0.0466785
0.0475385	-0.00627145	-0.0291504
0.0323972	-0.0231589	0.0365796
0.0493916	0.0110343	-0.0433222
0.0183019	0.00148584	0.0291023
0.08046	0.0016069	-0.0575022
-0.115338	0.0152282	-0.0559586
-0.014473	-0.0243657	0.0055244
-0.114129	0.00755674	-0.0772638
-0.0352111	0.01917	0.0238609
-0.0865873	0.00273514	-0.0474911
-0.0369246	-0.0148334	0.0253064
-0.0378832	0.00701664	-0.0178641
-0.00986024	0.01173	0.0350019
-0.0121309	-0.0027778	-0.0202826
-0.0217247	-0.00840316	0.0370133
-0.0353822	-0.00356974	0.00634611
0.0315459	0.00412037	0.0130792
0.0252943	0.0186667	-0.00823817
-0.0549638	-0.000671354	0.0585079
-0.000967843	-0.00140198	0.0133536
-0.0118601	-0.00605106	0.0531467
-0.00261614	0.00725627	0.0408442
-0.0145857	-0.0128096	0.0345718
0.0306806	0.0179837	0.0474866
0.000469216	0.00309794	0.0242763
-0.0168827	-0.00609406	0.093352
-0.00767379	-0.00824361	0.0440018
0.0249329	-0.00576492	0.0591686
0.0317901	0.00196039	0.00970781
0.00543795	-0.022198	0.0854213
-0.00700157	-0.0305094	0.0273044
0.0334219	-0.0291774	0.066193
0.0384	-0.0187413	-0.0143508
0.0209441	-0.0266864	0.0654376
-0.00336109	-0.0438023	-0.00791106
0.0258808	-0.0315229	0.088286
0.0243542	-0.0180275	-0.0180278
0.01465	-0.0184344	0.0771807
0.00318011	-0.00782596	-0.00436372
0.00490681	-0.0185264	0.0352221
0.0121144	-0.00112025	-0.0398756
0.00543393	-0.00410584	-0.013094
0.0100838	0.0391585	-0.0312938
-0.00850303	-0.0546535	0.0256388
-0.00659135	-0.11733	0.121572
-0.0133423	0.0153309	0.000981209
0.00113986	-0.0432699	-0.0176464
-0.0128704	-0.0300214	-0.00127845
0.00145131	-0.0099857	-0.0744979
-0.0244274	-0.0150474	-0.0224718
0.00651597	-0.0314336	-0.080753
-0.0296249	0.0262947	-0.0517839
0.0154562	-0.0374377	-0.0824456
-0.0371482	0.0147373	-0.0295135
0.000768913	-0.0214941	-0.0851864
0.00109846	0.00183377	-0.0411325
-0.0335509	0.00224382	-0.047934
-0.0167207	-0.0409495	0.0119316
-0.00514639	0.0128486	-0.0868297
0.0314355	-0.00910394	-0.0170489
-0.0304491	0.0306399	-0.0786252
0.00477323	0.000389048	0.0424361
0.0141807	0.0208444	-0.108
0.011205	-0.00888196	0.0362709
-0.0265157	-0.0106381	-0.0555322
0.0285228	0.00160541	0.0363652
-0.00442387	0.0105658	-0.0555743
-0.0125491	-0.0332444	0.0786506
-0.00396324	0.00508904	-0.0315708
-0.0379798	0.0194111	0.0728893
-0.0300496	-0.0143935	0.00895672
0.049373	-0.00472392	0.0478251
0.046325	-0.00956731	-0.00620039
-0.00715167	-0.00372813	0.0729048
-0.00360026	0.00878465	0.0146527
0.00790012	0.00639664	0.0552608
-0.00320325	0.0082032	0.0316598
0.0241691	-0.0211321	0.0347195
-0.000325426	-0.0176128	0.0548277
-0.0137583	0.0016476	0.0400332
-0.0338609	0.00265987	0.0853501
-0.00768238	-0.00937409	0.0309934
-0.0492126	-0.00226013	0.110736
0.0993593	-0.00513495	-0.058616
0.0120252	0.00624195	-0.00975876
0.101469	0.0172366	-0.0706454
0.0180748	0.0104817	-0.0216511
0.0465659	-0.0277251	-0.0699356
0.0232854	0.00533633	-0.0409615
0.0198319	0.00914459	-0.0441001
0.00957987	0.00789545	-0.0643638
-0.000299772	0.00264967	-0.028356
-0.0188252	0.00362198	-0.0567345
0.0173838	0.0199285	-0.0269942
-0.0664489	-0.00105613	-0.0556967
-0.0312638	-0.00889871	0.0136533
0.0219442	-0.00233857	-0.112442
0.0194717	0.01534	-0.0147604
-0.0240894	0.0172558	-0.0933927
0.00282932	0.0147869	0.004798
-0.0433631	-0.00845817	-0.0692616
-0.0120428	-0.0167071	0.0412598
0.00668839	0.0127507	-0.0885094
0.0319666	0.0208053	0.017075
-0.0049755	-0.00820591	-0.086067
-0.00165695	-0.00413703	0.0450536
-0.0262461	-0.021276	-0.0326684
0.022641	-0.00890517	0.0105697
0.0221045	-0.00687158	-0.0280076
-0.0129783	0.0131435	0.0524194
-0.0269302	0.0017801	0.0304461
0.00136759	-0.00141534	0.0304628
0.0100645	0.0438542	0.0227561
-0.0225886	0.00939281	0.0251272
-0.0148514	0.0167199	0.0744922
-0.00521269	0.0227605	0.0195861
0.0095926	0.0106141	0.106602
-0.00723724	-0.010606	0.0152855
0.00446542	0.0316031	0.160245
-0.0159696	0.0248627	0.049076
0.000207859	-0.00227549	0.18548
-0.00865972	-0.0374514	0.0711912
0.00206447	-0.0351235	0.206879
