-5.89593	-0.497354	-1.72856
-0.321967	-0.012889	-22.6342
23.9018	0.184555	0.261197
-0.210752	-21.984	-0.0121102
0.022253	1.24009	0.604895
1.39981	-0.00810018	4.6388
-5.55603	0.214789	0.756259
0.716247	3.92714	-0.0301617
-0.043719	-0.52613	1.16722
0.0390392	-0.0440793	0.343978
-0.0814226	-0.424413	-0.300167
-0.699388	0.00453588	-1.36052
1.76237	-0.166356	-0.42237
-0.395915	-1.27221	0.0350819
-0.195844	0.264028	-0.459389
-0.0148342	0.375086	0.0483245
-0.00019339	0.00641217	-0.0501877
0.0125268	0.0210566	-0.284262
0.0508551	0.174734	0.180706
0.33918	-0.00206368	0.493424
-0.80671	0.141659	0.214879
0.277677	0.646637	-0.0204408
0.296199	-0.186304	0.218794
-0.0320187	-0.334951	-0.032322
0.00274902	0.0533527	0.0134831
-0.000780064	0.0122395	0.0157039
0.00402534	0.0492523	0.0325368
0.0442432	-0.0319435	0.12675
-0.0510768	-0.106519	-0.0934744
-0.187134	0.0119962	-0.19864
0.294226	-0.088923	-0.120997
-0.155147	-0.288631	0.0225598
-0.14358	0.106165	-0.105381
0.0277185	0.128234	0.0370964
-0.00861566	-0.0331863	0.0439276
0.000634239	-0.00198988	0.00259529
-0.00072145	-0.00254966	-0.00120311
0.000812556	-0.0124393	-0.0159452
0.000525578	-0.026471	-0.0224681
-0.0312274	0.0309797	-0.0813627
0.0482078	0.0595086	0.0546242
0.0994411	-0.00420573	0.106177
-0.136534	0.0536602	0.0624683
0.0915983	0.146342	-0.0109803
0.0791093	-0.0578231	0.0439531
-0.0279184	-0.0290215	-0.0121643
-0.0093723	0.0182739	-0.0368987
0.0012361	-0.0210738	0.0107366
0.0011142	-0.00134854	-0.0101444
0.000752708	-0.00784132	-0.000368966
0.00316774	0.00444995	-0.00080594
-0.00307208	0.00645439	-0.00818096
0.00236756	0.0161044	0.0129215
0.0208279	-0.0181296	0.0349468
-0.0285313	-0.0342096	-0.0318517
-0.0527031	0.00401671	-0.0375484
0.00991231	-0.0322632	-0.0312278
-0.0459907	-0.0483041	0.00827319
-0.0528268	0.030545	-0.0159447
0.0238246	0.0126027	0.00764811
0.0180427	-0.0111554	0.0278588
-0.00211825	0.00512752	-0.0102952
0.0012408	0.00262888	0.00145148
-0.000251553	-0.0208534	-0.0233561
0.00568189	0.00471429	0.00149505
-0.00623298	0.0102229	-0.0453236
0.0030644	-0.00523197	0.00628003
0.00231152	0.00861901	0.0201384
0.000740992	-0.0123555	-0.0137648
-0.0150913	0.0121902	0.00429495
0.0267979	0.0191789	0.0106045
0.0217975	-0.00927775	0.0228654
0.00766784	0.0126544	0.024548
0.0350902	0.00211553	-0.0119251
0.0635401	-0.0180285	0.0166373
-0.0209245	-0.0169147	-0.0211666
-0.0276926	0.0121963	-0.00433331
0.00456528	0.0357242	-0.000933463
-0.00605182	-0.00037183	0.0195153
-0.0014355	0.0392388	0.0117353
-0.0209877	-0.00196918	0.00468004
0.00179236	0.000481769	-0.0117096
-0.00492189	0.00384829	0.00775512
0.00678741	0.00525611	0.0442127
-0.00497174	-0.000127309	-0.0111127
-0.0039522	-0.00199359	-0.0180261
-0.00556856	0.0049009	0.0113646
0.0102454	-0.0114116	-0.00768066
-0.019697	-0.0103674	-0.000674617
-0.00572777	0.00260935	-0.0027071
-0.0385242	-0.00826169	-0.0184438
-0.0124858	-0.00271546	0.00415123
-0.0444454	0.0150185	-0.0158579
0.0143158	0.0277557	0.00381829
0.00194996	-0.0139845	-0.00232584
-0.00171683	-0.0222846	-0.00446543
-0.00296868	-0.00500584	-0.0140036
0.005988	-0.0325259	0.00750067
0.0330501	0.0115942	-0.00247408
-0.00460937	-0.00252493	0.0329309
0.0115813	-0.00027405	-0.00542563
0.00315216	0.0413409	-0.00927454
-0.00199111	-0.00833374	-0.00792974
-0.00213862	-0.00820431	0.022793
-0.00097881	0.006632	0.0116203
0.00573656	-0.0134695	0.0339681
-0.000235822	-0.000466309	0.00344345
-0.00154773	0.00382904	-0.0120385
0.0254162	0.0067582	0.0109685
-0.00140951	0.00881966	-0.0499899
-0.0133217	0.0120805	0.000868821
0.0133053	0.00290098	0.00753832
0.0287341	-0.00951136	-0.00711424
-0.0157186	-0.0536457	0.0104942
0.0287016	0.0118014	-0.0155635
-0.00498287	-0.0147863	0.00173776
0.0171513	0.000669453	-0.0153513
-0.0087369	0.00447782	-0.0197531
-0.0266139	-0.00407232	-0.0201488
0.00340723	0.0960451	0.0156229
-0.0223756	-0.00483273	5.17964e-05
-0.00332774	0.0233806	-0.0102388
-0.0250554	-0.00371671	-0.0155026
0.000866744	-0.0498547	0.00416679
0.00281183	0.0067783	0.00826576
-0.000899355	-0.00788617	-0.0487492
0.0031366	-0.00706423	0.00543523
-0.0028491	8.2352e-05	-0.0134335
0.0113818	0.00357209	-0.00132862
0.00364848	0.00144192	0.022552
0.0024092	0.001772	-0.00883058
-5.46284e-05	0.0102587	0.0519637
-0.0126778	-0.0133048	0.0109791
0.0086202	-0.00701161	0.0108168
0.0127768	0.0081994	0.0139665
0.00384563	0.033134	0.0217685
-0.0309418	-0.00324356	0.0113839
0.00262529	0.0257709	0.0149078
-0.0225684	0.00814971	0.0119642
0.00265362	0.0346378	0.00427655
0.000157077	-0.0103163	0.011893
-0.00481623	-0.0964201	-0.0604215
0.0291125	0.00410926	0.0121784
0.00189385	0.0254136	-0.0173304
-0.0208927	0.00165889	0.0100182
0.00137376	-0.0273912	0.0990352
0.0345618	0.0103019	0.016956
-0.00520666	0.00693968	-0.0203125
0.000303539	-0.00230958	0.00121093
0.00445194	0.00621304	-0.00679924
0.00748428	0.0048724	-0.0251079
-0.00192019	0.0175197	-0.0580567
0.000118832	-0.00543893	-0.022021
-0.00195274	0.0105043	-0.0199823
0.0159086	-0.00333582	-0.00479877
-0.00784103	-0.012292	0.0493684
0.00717694	0.00318546	0.00541422
-0.00368011	0.0276766	-0.0126081
-0.00236205	-0.00750658	0.00961081
-0.00662371	0.0429061	-0.0200348
-0.000168237	-0.00580309	0.0182277
0.0064307	-0.00563234	0.0069778
0.0045925	-0.00301255	0.0177109
0.00613249	-0.0521002	0.0226218
0.0263955	0.0213469	0.0219454
-0.00504317	0.0230225	0.0375904
-0.0511262	0.00126992	0.00309819
-0.00153137	0.00159968	-0.0790004
0.0195113	-0.00133494	-0.00199158
0.0015892	-0.0146341	0.0339109
0.0433614	-0.00365489	0.00952182
-0.00516606	0.0190868	-0.117492
-0.0199633	-0.00481183	-0.00516119
0.00485585	0.0258064	0.0177457
0.0111819	-0.000719198	-0.0188813
-0.00660988	0.025331	0.0278449
-0.0173555	-0.00094658	0.0107987
0.00019026	0.00552038	0.0704912
-0.0269167	0.00116678	0.0143235
0.00167622	-0.0191053	0.0193935
-0.0143559	-0.00134098	0.0116908
-0.00225587	-0.0197023	-0.0339765
-0.0128986	0.00670563	-0.0094845
0.0142934	-0.00645063	-0.0194409
0.0338621	-0.000624915	-0.0124729
-0.00133083	-0.0585006	-0.0530415
0.0324319	0.00338818	-0.0106465
-0.00750563	-0.0121915	-0.0498417
0.0188725	-0.00105105	-0.00989337
-0.0126428	0.0384091	-0.00216874
-0.0485881	-0.0132414	-0.0162202
0.0144885	0.0458079	0.0332671
0.0299655	0.00104725	-0.00130901
0.00277779	0.0141933	0.134593
-0.0439319	-0.000163719	-0.0130569
-0.00123095	-0.00575548	-0.0120264
0.0127156	-0.00562275	-0.00772987
0.00296283	-0.0171345	-0.0388685
-0.0389954	0.00706342	-0.0191423
0.0089084	0.0180129	0.0425833
0.00206428	-0.00392882	-0.0122066
-0.00512981	-0.00643532	0.0169076
-0.0121773	0.00143847	0.0129243
0.0038743	-0.0166305	0.0193344
0.021431	-0.00641864	0.0201637
0.00368349	-0.0195498	0.00547688
0.0407592	0.00198051	0.0140542
0.0113335	0.00858137	-0.0356537
0.0457495	0.00711875	0.00276953
-0.000397266	0.0315649	-0.0855166
-0.0186815	-0.00499649	-0.00894575
0.00143649	-0.0316843	0.0313137
-0.0251708	0.0112763	-0.0206186
-0.00875624	-0.0108768	0.0577192
-0.0652249	0.00451164	-0.0274373
0.0100081	0.00899018	0.022846
-0.0349175	-0.00571301	-0.0228371
0.0106226	0.00983777	-0.0334474
0.0369655	-0.0132503	-0.0139705
-0.0112546	-0.0576752	-0.0424805
0.00705651	0.00824458	-0.0207366
-0.00449843	0.0253113	-0.0409295
0.0356741	-0.00283666	0.000281977
0.00287368	-0.0572052	0.0866322
0.00312193	0.00229826	0.00823452
-0.00181683	-0.00818895	-0.0289628
-0.0200342	-3.0665e-05	-0.0173664
-0.00513511	0.0492905	0.0569997
0.0328171	-0.0131712	0.0105398
-0.00633354	-0.00668609	0.0392645
0.00916306	0.00349356	0.0203016
0.00513684	-0.00316742	-0.00287566
0.0121603	-0.00244168	0.00559884
0.00398862	-0.0293523	-0.0405048
-0.00927587	0.00951149	-0.0178439
-0.00720223	-0.00857467	-0.0705305
-0.0440093	-0.00184506	-0.00675183
-0.00747935	0.00606783	0.0144317
-0.0340023	-0.00177626	-0.00119323
-0.00720582	0.00681089	0.0971803
0.0388642	-0.00360432	0.0112639
0.00592613	0.0186317	0.00641368
0.0687699	-0.000412844	0.0170627
-0.00880475	0.0452491	0.0293227
0.0541577	-0.00354292	0.0204267
-0.0106983	0.00771083	0.0519323
0.0120368	-0.000298749	0.00908322
0.000259262	-0.0500328	0.0225337
-0.0141668	0.0238742	0.00511071
0.004537	0.031642	-0.0265406
-0.0241107	-0.0175893	0.0115637
0.0020499	-0.0341178	-0.0546065
-0.0222587	0.00606059	0.00869909
-0.00679915	0.0849519	-0.111321
-0.000931735	-0.0103688	0.0122121
0.00474372	-0.0121885	0.0155126
-0.00956346	0.003337	0.0181098
-0.00243732	0.00824384	0.0172878
0.0145142	0.00350842	0.0200483
0.00226375	-0.0217798	0.0215393
-0.00846259	0.00929052	-0.00863674
0.00342423	-0.0177563	-0.0772707
-0.0041085	-0.000638181	-0.00207919
-6.41237e-05	-0.00594043	-0.047891
-0.0124748	0.00553479	-0.00313291
-0.00793807	0.0344403	-0.00269266
-0.0227143	-0.00161847	0.00507692
0.00911732	0.0182564	0.0628613
0.0129022	0.00141886	-0.0153473
0.0197418	-0.0117911	0.0432299
0.0528057	0.00220185	-0.00385431
-0.00730121	-0.0230688	0.040943
-0.0572749	0.00887742	0.0149286
-0.00100606	0.0229236	-0.0227185
-0.0514881	-0.0116432	0.0177422
-0.00418405	-0.0111327	-0.0712524
-0.0172302	0.00334897	0.0213246
0.00254763	0.00272346	-0.0724219
0.0214435	0.0149125	0.0287858
-0.0179217	0.0462907	-0.00128984
-0.0131006	-0.0070267	0.0189137
0.00235414	0.00996336	0.0446359
0.00961767	0.00525674	0.0139905
-0.00178508	0.000863768	0.0298087
-0.0205761	-0.0102302	0.0103776
0.0141352	-0.0600329	0.0127022
0.0318358	0.00242407	0.0025327
-0.00407035	-0.0286522	-0.0616666
0.00837764	0.0113745	-0.0171058
0.00112787	0.0429197	-0.0240029
0.00659606	-0.00391681	0.0170163
0.00264179	-0.0210696	0.00403262
-0.015674	-0.000989033	-0.0131208
-0.00340552	-0.013954	-0.0379238
-0.0250144	0.000432721	0.0114063
0.00039181	-0.0131185	0.065512
-0.0207932	0.00417703	-0.0106021
0.000282358	-0.00989657	0.0438956
0.00557294	0.00155901	-0.00480807
0.0074609	0.00414532	0.0299732
0.0528462	-0.00555381	-0.00990336
-0.0151794	0.00795	-0.0199563
0.0305599	-0.00182068	0.00137059
-0.0183921	0.00954656	-0.0602093
0.00346762	0.000310635	0.00391402
-0.0188441	0.0116482	-0.0813791
0.0482273	-0.00585971	-0.00205237
0.0164734	-0.022627	0.0115323
0.0755258	0.008042	-0.0051228
-0.0154942	-0.0176525	0.0323242
-0.0219847	-0.00516062	-0.0100682
0.00377495	-0.013007	0.034258
-0.0525943	-0.00675432	-0.0138485
0.023264	0.00349069	0.00568929
0.0178838	-0.00845805	-0.00374641
-0.00721984	-0.0339827	-0.00635865
0.0165737	0.0114435	-0.00855637
-0.000442071	-0.00863679	0.0016125
0.0594069	0.011079	-0.0119959
-0.0162539	-0.00316496	0.0250068
-0.0226721	0.000602841	-0.0215742
0.0107264	0.0170081	0.0433672
-0.00644556	-0.00947067	-0.0114244
-0.00145677	0.0405649	0.0360377
-0.00124033	0.00340762	-0.0276805
-0.00282268	-0.0283438	-0.0211293
-0.026143	-0.0151705	-0.0142942
0.00588278	-0.0264532	-0.0259343
0.00757934	0.00674864	0.0081748
0.00546594	0.00994174	0.0106614
0.0316812	0.000845632	-0.0105146
-0.0033737	0.0375699	-0.00819724
0.0403073	-0.00273606	-0.00260052
-0.00514295	0.0266202	-0.00176313
0.0182035	-0.0121787	-0.0096511
-0.00950689	-0.0180014	-0.00733026
-0.0405856	0.00277842	-0.00714147
0.00632232	-0.00960859	-0.00973187
-0.0509812	-0.00252794	-0.00235723
0.0339751	0.00443337	0.0142858
0.00230799	-0.000722321	-0.00416257
0.0114894	-0.00164985	0.0249502
0.00228604	-0.00197777	-0.0276886
-0.00902721	-0.000656097	-0.00133859
-0.00501909	0.00102725	-0.037869
0.0108925	0.0124431	0.00123903
0.0322003	-0.00461788	-0.0230254
0.0145834	-0.00349233	0.0208412
0.0486735	-0.0103836	-0.018565
-0.0102716	-0.0343684	0.0237903
-0.0173302	0.0172436	-0.0172997
0.00143066	0.0473095	0.0130177
-0.0545348	-0.0119212	-0.00891703
0.00497294	0.0323863	0.022394
-0.0576215	-0.00260542	-0.0126824
0.0156243	0.0522328	0.0156058
0.0175108	-0.0111151	-0.00917134
-0.00569241	-0.0613425	-0.0193919
0.0212421	0.00777755	0.0146201
-0.0035731	-0.0224578	0.0217238
0.000526891	0.00224917	0.0192195
-0.000127964	-0.0111841	0.0598035
0.0103461	0.00483764	0.00589477
0.00222052	0.00311396	0.0387557
0.0249054	0.0125058	-0.00651606
-0.00492337	0.028109	-0.0222734
0.0057708	-0.0100127	-0.00975831
-0.00268906	-0.00657201	-0.0539522
-0.00108887	-0.000425008	-0.00544859
-0.00518186	0.00392738	-0.0523711
-0.0249284	-0.00867228	0.00536429
0.000829583	0.00679544	-0.00571092
-0.0240399	0.000290768	0.0155801
0.0129594	0.0135843	0.00966522
0.00165172	0.000532437	0.0300992
0.000337529	-0.00386626	0.0280417
-0.00423941	0.00432918	0.0227982
-0.020605	-0.0176965	0.0182028
-0.0091762	-0.00127869	0.0278569
-0.0284856	-0.0180363	0.0410203
0.0214235	0.0187277	0.00657688
-0.00218054	0.0214949	-0.0184624
0.0285757	0.000325137	0.00859314
-0.0431167	-0.00456428	-0.0524289
-0.0298184	0.0103514	3.34108e-05
-0.0180893	0.0090252	-0.0745563
-0.0190728	0.00839229	-0.00518589
-0.00372093	0.0233226	-0.0681871
0.0128916	-0.0213346	0.00480499
0.00946558	-0.0221493	-0.0245333
0.0576194	0.00133347	0.0151687
-0.00513316	-0.00400553	0.0176586
0.0248196	-0.00629325	0.0172658
-0.00814811	-0.0382352	0.0168283
-0.0224114	0.0172596	0.0229134
0.00170609	0.0562565	0.0251053
-0.0300747	-0.0227414	0.0100081
0.00692031	-0.0323561	-0.014224
0.00526503	0.015129	0.00258449
-0.00252072	0.00753402	-0.0898365
0.0124502	-0.00191773	0.0105768
0.00402705	0.0373871	-0.0540248
-0.00643041	0.00037548	0.0199022
-0.00739388	-0.0335336	-0.0520891
-0.0210146	0.0103964	0.0154524
0.000745963	0.0146403	0.0600502
-0.0138842	0.00108117	0.0163707
8.67634e-05	0.0133959	0.0735748
-0.0201402	-0.00865529	0.0252839
0.0158705	-0.0245434	0.100628
-0.00157098	0.0102887	0.00662818
0.0107637	-0.0286285	0.0374603
0.0137972	0.0198326	0.00378146
-0.0144543	-0.0122626	-0.0226915
0.0142644	0.000237642	0.00975635
-0.0137215	-0.00949336	-0.02731
0.0247552	-0.00156173	0.0046641
0.0328443	0.00502775	-0.0183333
0.0615446	0.0114314	-0.0163353
-0.00138628	0.0348147	-0.0582486
-0.0429274	-0.0166046	0.0403134
0.0178923	-0.030283	0.0348181
-0.00521753	0.00830639	0.0441281
0.0157271	-0.00980433	0.0621144
0.0170679	0.00633561	0.0424811
0.00549116	0.0109932	0.0489673
-0.00586238	-0.00502662	0.0358111
0.00488256	-0.0133142	0.0189062
0.00566307	-0.00302784	0.00360405
-0.00409674	-0.0506861	-0.0359864
0.00457891	0.0107326	-0.0164893
0.00170975	-0.0148203	-0.0892065
0.0241074	0.00662756	0.00463633
-0.0047799	0.00967276	-0.0740619
0.0119228	-0.00825133	0.015197
-0.00180985	-0.0182269	-0.0210462
0.042798	0.0135445	0.00843059
-0.00851395	0.0236744	0.0147901
-0.0201168	0.0123353	-0.0300601
-0.00371699	0.048322	0.042686
-0.0158258	-0.0153693	-0.0159696
0.00420735	-0.0245177	-0.0215035
-0.0125373	0.015161	-0.0275241
-0.00195207	0.0023188	-0.0781557
0.00526042	-0.00573072	0.0349169
0.00491282	0.0383489	0.0227832
0.033873	-0.010157	0.000479267
-0.00463694	0.0163672	-0.0138011
0.0204233	0.000557934	-0.00265663
-0.000228508	0.0210463	-0.0105263
0.0233357	-0.000653068	-0.013228
-0.0175193	-0.00524517	-0.0839164
0.00138055	0.00131709	0.00342488
-0.0194609	-0.0115558	-0.0662638
-0.0193218	-0.0104376	-0.0106871
0.0140712	-0.01648	0.0115709
-0.00670144	0.00074092	-0.0508436
0.0103081	0.00313626	0.0272713
-0.0183051	-0.00544035	-0.0496107
-0.0117031	0.0149721	0.0322666
-0.0249754	-0.00253053	-0.0220562
-0.0168463	0.00866539	0.0520672
0.102323	-0.0100308	-0.0175877
-0.0166538	-0.000127566	0.00900346
0.0869696	-0.00935666	-0.0226983
-0.0315544	0.00355272	0.0387294
0.0189795	-0.00886899	-0.0154415
0.00710497	-0.00649271	0.0638526
0.0280143	0.00406398	-0.00380354
0.00239272	0.00557518	0.0561279
0.00112774	0.032864	0.0171222
-0.00762852	0.0710017	0.046666
-0.052	-0.012264	0.00681444
-0.000683307	-0.000526188	0.0293619
-0.0621192	-0.00197444	-0.018351
0.0112241	0.0124632	0.0123702
-0.0204057	-0.0030313	-0.0208701
-0.00116527	0.0298623	0.013089
-0.0494152	0.00863402	-0.0232204
0.00734491	0.0494536	-0.0119839
0.0114471	0.00453303	0.00764215
-0.0148435	0.00783112	0.0121491
-0.00925771	-0.00946246	-0.0106161
0.00465713	-0.0342517	0.0766555
-0.010856	-0.00963491	0.00639378
0.00130322	-0.0027374	0.0741562
0.0513698	0.015683	-0.02775
-2.03738e-06	0.0567596	0.0711164
-0.00315547	-0.0128306	-0.0364666
0.000827276	0.000925927	-0.043344
-0.0157324	-0.00643367	-0.0131712
-0.000482406	-0.0393663	-0.0240187
-0.028994	0.00107694	-0.0167182
-0.00473851	-0.0503759	-0.0230375
-0.0374779	0.0181913	-0.0181343
0.00728968	-0.00474685	-0.0307609
-0.00827085	-0.00703249	-0.0113331
0.0222126	0.0245003	-0.00389753
0.0242201	-0.0124341	-0.00749586
-0.016636	0.0397668	-0.00131092
-0.00972945	-0.00440329	0.00193003
-0.0279174	0.0272832	-0.0217109
-0.0312226	0.000509169	0.00114157
0.0204791	-0.00972158	-0.0327726
0.0220405	-0.0106951	0.0228554
-0.0121993	-0.0529494	0.0273021
-0.053572	0.0269904	-0.0308011
0.00650209	0.0481795	-0.0528762
-0.0479196	-0.0118434	-0.034464
0.0116927	0.0205474	-0.120143
-0.0365559	-0.0125827	-0.0186041
0.00611947	-0.0163431	-0.0913747
-0.0359767	0.0123245	-0.027966
-0.0105979	0.017354	-0.0197255
-0.0182636	-0.0132374	-0.0228559
0.0114693	-0.00116661	0.0251576
0.0539698	-0.00204617	0.0178741
-0.00263389	-0.0280697	0.0554837
0.0670737	-0.00450589	0.0156586
-0.00618063	-0.0701401	0.0544919
0.0544235	0.0147757	-0.0116613
-0.00328353	-0.0209751	0.015331
0.0354027	-0.0054736	-0.00760413
-0.00458415	-0.0388241	0.00946964
-0.0261109	-0.00495413	0.0123533
0.00267442	0.00267423	0.0766194
-0.00444474	0.00644119	0.0165849
0.00568423	0.0320494	-0.0750969
0.00539811	0.00161059	0.0242139
-0.00688956	-0.00737107	0.00412384
0.0199533	-0.011875	0.0207933
0.0015094	0.0390021	0.0146675
-0.022038	-0.0130429	-0.0336343
-0.0024554	-0.0253979	0.0623794
-0.0172881	0.0102104	-0.0178235
0.00155508	-0.00841161	0.106488
-0.0325994	0.00446184	-0.00346544
0.00958696	-0.0386286	0.0461332
0.00645473	0.00612645	0.00274703
0.0138572	-0.00973578	0.0456855
0.0426227	-0.00597481	0.00906963
0.00713635	0.0306016	0.125637
0.0252104	-0.000131777	-0.0139438
-0.0172999	0.0196347	0.0698556
-0.00796606	0.00905927	0.0101239
0.0182235	0.000365776	-0.0126966
0.0302431	0.00394016	0.0461632
0.0235219	-0.00852225	-0.0310263
0.0367528	0.0063393	0.0526412
0.00513001	-0.00286588	-0.0559331
0.0107178	0.00877038	0.0240939
-0.0138746	0.0102084	-0.122261
0.0287595	-0.00164328	0.0152259
-0.00104844	-0.0410469	0.0102843
0.0517659	0.0251783	0.0116798
-0.041282	-0.034779	0.0152882
0.0212507	0.0143322	-0.00386601
-0.00340812	0.0014647	-0.0115225
0.0183894	-0.0208218	-0.00577522
0.0171415	-0.0304126	-0.0371691
0.0190095	-0.0274299	-0.00696485
-0.0060911	-0.0648183	-0.0122863
-0.0209408	0.0098782	-0.0309744
0.00766283	0.0338502	0.0113667
-0.0136183	0.00529347	-0.0159243
0.00354201	0.0676178	-0.0220944
-0.0283359	-0.0179267	0.00452542
0.0116828	-0.0251219	-0.0801245
0.00461296	-0.00565027	0.0116147
0.00230813	-0.0394689	-0.067529
0.0445465	-0.0119153	0.00394043
-0.00261842	-0.0224675	-0.0604151
0.00111158	0.0113852	0.00027861
0.0123264	0.0763622	0.0214525
-0.0110764	-0.0139733	0.0376301
-0.000326364	-0.0186428	-0.0574028
-0.00171764	0.00957761	0.00433933
-0.00542516	-0.0409814	0.0300872
-0.0494598	-0.00173485	0.00854783
0.0037863	0.00610514	-0.0282899
0.013267	-0.00631767	0.0395571
-0.00132477	-0.0467243	-0.0170048
0.0194943	0.0110059	0.00689389
-0.00524694	-0.00529882	-0.0599515
0.0428376	-0.00239295	0.00945626
-0.00275862	0.0469049	-0.0895262
0.0330381	-0.00592944	0.0139837
-0.0130732	0.0582586	-0.0932114
-0.0139967	-0.0164824	0.0142344
-0.0182659	0.00448496	-0.0776573
-0.0221662	0.00461361	0.0249335
0.00984853	-0.0207299	-0.0170175
-0.001626	0.00337861	0.0141098
-0.00950091	-0.0398643	0.0449876
-0.0412315	-0.000353679	0.00553545
-0.0332926	-0.0365431	0.0815575
-0.0763167	-0.00727038	-0.0024855
0.0241591	-0.003281	0.110541
-0.0150303	0.00962866	-0.0203915
-0.00111366	0.0322455	0.105158
0.0558323	-0.0175884	0.0225517
-0.00658443	-0.017209	0.032175
0.0448493	0.00308782	0.0219204
0.0139681	0.00280013	0.064759
0.0143339	0.0083988	0.0275984
0.00989443	0.0212097	0.0537752
0.0172852	-0.00464258	0.0226973
-0.0160186	0.00549867	-2.05651e-05
0.00458964	0.0239289	0.014037
-0.0067297	0.052667	-0.0602229
-0.0247174	-0.00755779	0.015097
-0.00342321	0.0291468	-0.0560587
-0.0409477	0.00228032	0.00799327
0.000771432	0.0314878	0.0211622
-0.0243147	-0.00355182	0.0126503
-0.00706794	-0.00138049	0.0760482
-0.0350335	0.00692331	0.0140852
-0.000528005	0.0312297	0.0455644
-0.0405882	-0.00836809	-0.00827641
0.0149889	0.0159341	-0.0480018
0.00898774	0.00214531	-0.0193678
-0.00423697	-0.0367205	-0.139855
0.0114015	-0.0155878	0.00189804
8.8315e-05	-0.0729296	0.0303622
0.014947	0.0125165	-0.0444171
0.00244432	0.0270676	-0.0543793
-0.0251664	-0.0180419	0.00731837
0.00265595	-0.0114375	0.0958554
0.0287658	0.0221213	0.0105385
-0.0064158	-0.0196261	-0.0542668
-0.0280877	-0.00366297	0.0335035
0.00281347	-0.0396328	-0.115764
-0.000730254	-0.00578609	0.0337705
0.0117012	-0.0247979	-0.0415135
-0.0141706	0.022174	0.01037
-0.0094285	0.0541502	0.0309606
-0.0578118	-0.00506901	0.0137447
0.0110239	-0.00328334	0.015226
-0.0117074	0.01284	0.0116287
0.0200595	-0.0387185	-0.0596531
0.0164436	0.00153759	0.0131188
-0.0058424	-0.0207633	-0.0572703
0.00181194	0.00184236	-0.0161218
0.00785081	0.014266	-0.056683
0.0263037	-9.61369e-05	-0.0478627
0.0213959	0.0156736	-0.0738542
0.0454959	-0.00145189	-0.0569636
-0.00156008	0.00515565	-0.0661567
0.0328826	-0.0115062	-0.00781644
-0.0194932	0.00410923	0.0105617
-0.0365426	0.0150477	-0.0122371
-0.0187954	0.0513687	0.00433628
-0.0604323	-0.0233299	-0.00663079
-0.0487859	0.0364546	0.00812843
-0.083296	-0.00908677	0.00556242
-0.00394249	-0.000496077	0.012198
-0.0664036	0.0218323	0.0149409
0.00818011	0.017842	0.029383
-0.0311429	0.00500064	0.0168317
0.0169093	0.00330921	0.0235754
0.0380642	0.0115821	0.00667018
-0.00913642	-0.0365711	-0.050935
0.0349599	-0.00549427	0.0115355
-0.00882356	-0.0783511	-0.0804921
0.0299906	0.0187201	0.0188952
-0.00633316	0.0229227	0.0500004
0.0377645	-0.0139842	-0.00985811
0.00464362	-0.0143805	0.105399
0.0535892	0.0249105	-0.00532035
-0.0124918	-0.028581	0.0449574
-0.00228309	-0.00129248	0.00736982
-0.00328908	-0.0341092	0.0648873
-0.0205719	-0.0168899	-0.034968
0.00115583	-0.0372377	-0.06968
0.0284932	0.0144936	-0.0349972
-0.00360566	0.0357856	0.0887262
0.011407	0.0059877	-0.0187776
0.000435112	0.0403052	-0.0829341
-0.00115919	-0.0224567	-0.0109604
-0.00639198	-0.0738052	-0.048358
-0.0151609	-0.00441145	-0.0337516
0.00514668	-0.00702568	0.0409484
0.0124178	0.00958228	-0.00669083
0.00885009	0.0837956	0.0486044
0.0028873	-0.00100428	-0.0177331
-0.019479	0.0545152	0.0121688
-0.00704699	-0.0243392	-0.00177556
0.0144594	-0.046253	0.0720627
0.0621219	0.00809513	-0.0240367
-0.00848639	-0.0311823	0.0896823
0.0281629	0.000856261	-0.0227553
-0.0121776	0.0125063	0.0906115
-0.0202675	-0.0046636	-0.0348055
0.0149742	0.01235	0.0194143
-0.00433726	0.00188869	-0.0164791
-0.00951083	0.0125038	-0.0142363
-0.0072863	-0.000750605	0.00698871
-0.0527639	0.0196884	-0.000711956
-0.0410282	-0.00178715	0.010913
0.0161779	0.00498645	-0.0156942
-0.00276635	0.00241701	-0.00831061
-0.0279884	-0.0270185	-0.0749041
0.037151	-0.0133042	-0.00140805
0.0350121	-0.0365507	-0.0272311
0.111898	0.00505402	-0.00665225
0.0285979	-0.0425559	-0.0491082
0.121222	0.00190874	-0.00209236
-0.00733857	-0.0110186	-0.0107486
0.0623175	-0.00527669	-0.019349
-0.0102448	-0.00719275	0.0247321
0.026296	-0.012823	-0.0251594
-0.0102846	-0.0439714	0.0518582
-0.0138097	0.00049433	-0.00988598
0.0090172	-0.0141885	0.0958466
-0.0151307	0.00269585	-0.0180777
0.0017446	0.0334645	0.0486866
-0.0446849	-0.00536673	-0.0388573
0.00995425	0.0444646	-0.109656
-0.0363049	0.0176406	-0.00179403
-0.0143275	0.0762956	-0.095378
-0.0730986	-0.00781129	-0.00729765
0.0131256	0.0291269	0.0349075
-0.00328168	-0.0106958	0.00640297
-0.00833333	-0.0124721	0.0885548
0.0181053	0.00655468	0.0171808
0.00797932	0.042408	0.0708214
-0.00235224	-0.0153194	0.0173854
0.00282422	-0.0238827	0.0501102
-0.00763514	-0.00134246	0.050739
0.000669266	0.0288063	0.0574563
-0.0137949	0.0153814	-0.00818921
-0.00511296	-0.118177	-0.00914699
-0.0352248	0.00572674	0.0135337
0.0239277	-0.00351929	0.0389064
0.0290458	0.00774334	-0.0221942
-0.00322914	0.0177606	0.0298437
-0.000988178	0.00556531	-0.0534958
-0.016745	0.0443309	0.0204836
-0.00681224	-0.00702351	-0.00600752
0.0222242	-0.0107529	0.0132894
0.049482	-0.00559558	-0.0254086
-0.0209224	-0.0491643	-0.0548455
-0.0322289	-0.000257845	-0.0205127
-0.00095323	-0.00480121	-0.0195378
-0.0456326	-0.00277345	-0.0325805
0.00729481	0.0165168	0.00305031
0.00360849	0.00015068	-0.00169502
-0.0222408	0.0174889	0.0376272
0.00321867	-0.0168847	0.0236853
0.0162908	-0.00285709	0.0859634
0.0174841	0.00115397	0.0109983
0.0462804	-0.000686971	0.0775977
0.0278397	0.00482564	0.0103093
0.0303267	0.00344633	0.0386372
0.0145842	0.0063616	0.0119361
0.0262952	-0.0125922	0.00376582
0.000199854	0.00337923	-0.020711
-0.0407777	-0.0146192	-0.0115433
-0.0713175	0.0129512	-0.0342499
-0.0331386	-0.00766062	-0.0221207
-0.109913	-0.00287482	-0.0403922
0.0448271	0.00273149	-0.0291291
-0.0403367	-0.0123114	-0.0290483
0.0256553	0.00949357	-0.0401967
-0.0150248	0.0102831	-0.00388623
-0.00688597	0.0502654	-0.0275047
-0.0319396	-0.030473	-0.00322351
0.000406235	0.0101231	0.00310015
-0.00541424	0.000280662	0.00734888
0.0109318	0.017505	0.0633372
0.0410875	-0.000268505	0.010276
-0.00961964	-0.0344372	0.0515483
0.00229292	0.00690297	-0.014443
0.0129059	-0.03989	-0.0827444
0.023398	-0.00634879	0.0334329
-0.0211642	-0.00679927	-0.0411656
-0.0223171	0.00421524	0.00227656
0.00556889	0.0511134	0.0227777
-0.0141947	0.0150343	-0.0190975
0.00449455	-0.0157399	-0.0481302
0.0487366	0.00657448	0.0476791
-0.00820523	-0.120412	-0.0385426
0.00944922	0.0117822	0.00384715
-1.3422e-05	0.0358933	-0.0903308
-0.0076866	-0.00636547	0.0138483
0.00403284	0.00950081	-0.0594944
0.0556519	0.00457289	0.0300686
-0.000393608	0.077423	0.0418231
0.0251019	0.0109009	0.0128989
-0.0250635	0.0860875	-0.0837186
-0.0265197	-0.0245396	0.0304632
0.00100061	-0.0140005	0.00958222
0.0135025	0.000399056	0.018504
0.0181382	-0.0628542	0.0959486
-0.000442872	0.00258139	-0.00829972
-0.0136973	-0.0386277	0.0846865
-0.0846602	0.0263155	0.00567907
0.0193991	0.0327892	0.0196701
-0.0307548	-0.00684917	0.0285037
0.017154	-0.00250453	-0.0383001
0.0362918	0.00837867	0.0351267
-0.0083665	-0.0169787	-0.0397732
0.0252565	0.00282275	0.0244425
0.028142	-0.000164897	-0.00532379
0.028736	0.00816764	0.00210712
-0.00711547	0.01047	-0.0470767
-0.0141988	0.000385236	0.0154398
-0.0776849	-0.0120665	-0.0978088
-0.0826326	-0.00633486	0.0319681
-0.0137289	-0.0158645	-0.0545095
-0.041708	-0.0143103	0.04959
-0.0405168	0.00576483	0.0717718
0.0526676	0.0364006	0.00800399
-0.000104326	0.0609694	0.00476478
0.0727238	-0.00560021	0.0234871
-0.0131179	0.0530829	-0.000214003
0.0256705	-0.0118734	0.0430925
-0.0308379	-0.0167664	-0.00451512
-0.0144231	0.00873827	0.0195424
-0.026674	-0.0292061	-0.00204616
-0.00358045	-0.00608866	0.00585459
0.0180237	-0.0113338	-0.0105196
0.0412938	0.016447	0.0146029
-0.000369704	0.0148675	-0.048706
0.0242374	-0.00614495	-0.00539601
-0.00285771	-0.0401242	-0.106344
0.0176043	0.00243599	0.0117476
0.00358345	-0.0390107	-0.0413457
0.0354579	-0.0301261	0.0204814
0.000611044	-0.0744736	0.0761719
0.028879	0.0154571	-0.0300094
0.0109513	0.0180014	-0.0217286
0.0394284	-0.00820527	0.00156713
0.00275588	-0.0104416	-0.133027
0.0263238	0.0162919	0.0297104
-0.00649476	0.0329822	-0.00169358
-0.0594672	-0.0191209	-0.0275976
0.00756152	0.0329942	0.0878132
-0.0104183	0.00376828	-0.0475905
-0.00303458	0.120396	-0.0733734
-0.0232176	-0.0060177	-0.0400937
0.000713356	-0.0609631	0.0366216
0.0368326	0.00782486	0.0109729
0.00151092	0.0502854	-0.157095
-0.0485491	-0.0236241	0.00916041
-0.00211916	-0.0497156	-0.0525153
-0.012505	0.0279611	0.00489372
0.0246921	0.0330205	0.0343516
0.0292349	0.0192349	0.0165324
-0.000507687	0.0144147	-0.0677526
0.00448788	-0.0207149	0.0145286
-0.0231196	-0.0433553	-0.0924697
-0.011319	0.00651912	0.00656385
0.00579998	0.0339937	-0.0717511
0.0540691	-0.0176943	0.0256001
0.000731905	0.034762	-0.0299249
0.0740977	0.0117504	0.0157521
-0.0220716	0.0361321	-0.0457124
0.0113151	-0.0111394	0.0418881
0.00818727	0.0180166	0.000169321
-0.0205139	0.00039973	0.00661343
-0.0327959	-0.0103203	-0.0180702
-0.0518751	0.0138255	0.00243553
0.00304913	-0.01534	-0.0144364
-0.0163363	-0.00270603	0.0121224
0.0604267	-0.0196105	0.0565629
0.0372586	0.00424231	-0.0247482
0.0519232	-0.00680667	0.0577909
0.0405081	0.0184966	-0.05537
0.00815208	0.0270092	-0.0307207
-0.0614847	-0.0372687	0.0362336
0.00962341	-0.0452161	0.0279362
-0.0335053	0.00125834	0.0327317
-0.00220617	-0.0390158	0.0432871
0.0355508	0.0304267	0.0185956
0.0199041	0.0292702	0.00757369
0.0522222	-0.00466118	0.0388051
0.0121651	0.0195015	-0.0170931
0.0213016	-0.01299	0.0307085
-0.0195206	-0.0288427	-0.0112415
-0.0182157	0.0313796	-0.00520236
-0.00335434	0.0229151	0.011923
-0.0197326	0.00665841	0.0138619
-0.00690983	0.0413157	0.0550672
-0.0574263	-0.0272908	-0.0111527
0.0147728	0.00651458	0.0408684
-0.0292662	0.0193906	-0.00811705
-0.0117013	0.0745737	0.0348737
-0.0405323	-0.022735	0.0119503
0.00819715	0.00741745	0.0484408
-0.0360109	0.0169689	-0.0166632
0.00710383	0.0332041	0.0140172
-0.0467754	-0.0320825	-0.0179329
0.0092045	-0.0259711	-0.00776502
0.0409126	-0.000684151	-0.000539709
-0.00787353	-0.00447176	0.00876392
0.0144276	0.0309565	-0.0186011
-0.0120964	0.0466215	0.199525
-0.0331802	0.0125907	0.00461198
-0.00295647	-0.064365	0.00687295
0.00701508	0.00271778	-0.0303692
0.00472353	-0.00735505	0.197433
-0.0168477	0.0349318	-0.014
0.00209099	0.0738683	-0.0232392
0.0646911	-0.00233489	-0.00486104
0.00433461	0.0704165	0.0369572
0.0381422	-0.0346514	-0.0269466
-0.0344703	-0.0564771	-0.0240051
-0.0621667	-0.0167124	0.0137176
0.000745086	-0.0338991	0.0100522
-0.0355325	0.018343	0.0040174
0.014575	0.010618	-0.0832859
0.0224331	-0.00512019	0.0215319
-0.00395027	-0.0213291	-0.0615088
-0.00135368	-1.59411e-05	-0.0168454
-0.0244087	-0.0162956	-0.0220754
-0.0684013	-0.00773948	-0.0130138
0.0112711	0.000294978	0.0423991
-0.0463894	-0.00660073	-0.0390611
-0.0146935	-0.00976536	-0.00159685
-0.00719281	-0.00258613	-0.0204071
0.0314785	-0.0140887	-0.0162123
0.0466285	-0.0102002	-0.0255358
0.0159914	-0.0172359	0.0179421
0.0413689	0.00202049	-0.0472831
-0.0919608	0.0100406	0.0157155
-0.0306272	-0.00976838	-0.0351418
-0.0260938	0.0274693	-0.00345036
-0.0280798	-0.00322147	-0.0289745
-0.0214836	0.000140404	-0.0313324
0.108434	-0.0220938	-0.0236936
-0.0222041	-0.0245025	-0.000216816
0.0686469	1.48806e-05	-0.0306095
-0.0236273	-0.0128582	0.031049
-0.063196	-0.00109563	-0.0196732
-0.00683206	0.013037	0.0761366
-0.0722535	-0.00416097	-0.0437859
0.00381584	0.0141411	0.0502797
-0.0104765	0.0254412	-0.0298717
0.0111349	0.0262673	-0.00731186
-0.003854	-0.0292357	0.00260614
0.0062359	-0.0380749	-0.0245683
-0.00191925	0.00609458	-0.00065179
0.00158521	-0.0049649	0.00908155
0.0361139	0.019	0.0271765
-0.0221462	0.031409	0.0692706
0.0118088	0.0011084	0.00780505
0.0214294	-0.0100477	0.0353742
0.0593618	0.00633119	0.00608517
-0.0140926	-0.0622013	-0.0139257
0.0329735	-0.0032842	0.017278
-0.00376602	-0.0923191	0.0278223
0.0525126	0.0199973	0.0160417
-0.0315864	0.0137919	0.0776523
-0.057592	0.0127451	-0.0171701
0.00696196	0.0809459	-0.00950049
-0.0125187	-0.0119425	0.0396882
-0.00182656	0.014124	-0.0907116
-0.0401174	0.019395	0.0228652
-0.00288027	-0.0209037	0.056126
0.0263412	-0.0235991	0.0298255
-0.000411248	-0.0196145	-0.0982225
-0.0126383	-0.00288304	-0.0651609
-0.00369379	0.103824	0.104841
0.0701734	-0.00843241	-0.0329925
-0.0154542	0.0092229	0.0955767
-0.0657315	-0.00703345	-0.00880619
-0.00377284	-0.0649443	-0.0133636
-0.0252437	-0.00175241	0.00495477
0.027016	-0.0389073	0.0981518
0.0615685	0.00967782	-0.0387337
0.0010225	0.0508373	0.0733463
0.027621	-0.00438565	0.00946633
-0.000710087	0.0656059	0.124828
-0.020351	0.00564028	-0.0264355
0.00470323	0.00765046	0.0598519
-0.0206487	0.0128781	0.00463813
0.0268619	-0.0129264	0.0816351
0.031278	-0.00876938	-0.0199509
-0.000166466	-0.0360535	0.078701
0.036203	0.0171973	-0.0412793
0.0210321	-0.0136838	0.0462158
0.0096712	-0.00171094	-0.0129504
-0.0257853	0.00440392	0.0391791
-0.0360893	-0.0032385	-0.00400696
-0.0298392	0.0188514	-0.00231909
-0.039939	0.00426189	-0.0103056
0.0418489	0.021154	-0.0550809
0.00107492	-0.00063496	-0.00253561
0.051779	-0.0027967	-0.0539634
0.0300368	-0.0219951	0.0430441
0.0209632	-0.0316417	0.0225414
-0.0629416	0.045034	-0.0438648
0.000720278	0.0522619	-0.0312685
-0.0443535	-0.0173248	-0.0398954
0.022786	0.0298164	-0.0695528
0.039371	-0.0329795	-0.00905314
0.0377845	-0.0404544	-0.0511562
0.0482981	0.00948666	0.0031664
0.00113861	-0.0306337	0.00623771
0.00750906	-0.00529339	-0.0105976
0.00497245	-0.0148238	0.0495561
0.0356885	-0.00595214	-0.0226418
-0.0149444	-0.017323	0.0327023
0.0181385	-0.0109407	-0.0220568
0.000302356	-0.0291049	-0.0486466
-0.0096605	0.0338226	-0.031643
0.00607069	0.0380889	-0.131437
-0.00391191	-0.0138835	-0.00323206
-0.0210861	-0.00814376	-0.113227
-0.0485025	0.0126121	-0.0128953
0.0168744	0.0174607	-0.0105188
-0.00369223	-0.00348358	-0.014581
-0.0156986	0.0432159	0.0576449
-0.03732	-0.0166248	-0.0158585
0.0302238	0.00857046	-0.0532453
0.057437	-0.00404286	0.0395552
-0.00136431	-0.0396283	-0.0960512
-0.00330173	-0.00213724	0.0378281
-0.00885166	-0.0526351	0.045024
-0.0101439	0.00888604	0.00593181
0.00154619	0.106321	-0.140264
0.0115379	-0.0386432	0.00736443
0.012347	-0.00194704	0.033225
-0.00770309	-0.00884912	0.0945683
-0.00592738	0.000358226	-0.121652
-0.010051	-0.00525046	-0.0284796
0.00980669	-0.0448723	0.0357426
-0.0604294	-0.0066869	0.0037586
0.00713094	-0.0643475	0.0399384
0.031249	0.0188211	0.00488395
0.010354	0.0223382	0.0655708
0.0152873	0.00253691	-0.0212618
-0.0147466	-0.00626924	-0.0684995
-0.0301224	0.00611459	-0.0164294
-0.00311893	-0.0212884	-0.0391685
-0.0260551	-0.00748428	-0.0354187
0.00224976	-0.00920424	-0.0191877
0.0154747	-0.00201367	0.00944168
-0.0030864	0.018147	0.0253009
0.0317295	-0.0189715	-0.00458304
-0.0147557	-0.0163392	-0.0103855
0.00462891	0.0143947	-0.00583084
-0.00510652	-0.00324814	-0.0506424
-0.0269053	-0.00361771	0.0335423
-0.0238025	0.011879	-0.0160924
-0.0287922	0.00210663	0.0178325
0.0285606	0.0191612	-0.00777193
0.0203926	0.00206616	0.0417976
0.0607096	0.0190181	0.0265161
0.0422703	-0.00668797	0.0639913
-0.0494389	-0.00816817	0.0480866
-0.022692	0.00876381	0.0522138
-0.00352347	-0.0197765	0.00432589
-0.0429659	0.0178258	0.0182947
-0.0305027	-0.008321	-0.0594073
0.0107942	-0.0019476	0.0282511
0.0107595	-0.0283607	-0.00858217
0.027758	0.0182647	0.020968
-0.0249788	-0.0388912	-0.032095
-0.00464299	0.0203906	-0.00580422
-0.0326043	-0.00134779	-0.0559868
-0.0122438	0.00416654	-0.0262151
-0.00851396	0.0262299	-0.0634448
-0.00244983	-0.0217941	0.00668071
-0.00887228	0.0105068	-0.0368648
-0.044064	0.00235714	0.0221999
0.0231285	0.0291365	0.0141994
-0.00746363	-0.00378356	0.00580154
0.00182192	0.0104045	0.0458225
0.00547833	-0.0377388	-0.0101195
0.014791	-0.0576471	0.0224959
0.00132918	0.0238736	-0.0246803
0.00386226	0.0205914	-0.0147606
-0.00803198	-0.0154536	-0.00977729
-0.0145512	0.035555	-0.0279923
-0.0285319	-0.00470196	0.00272147
0.0171369	0.0305018	-0.0141466
0.0231412	-0.00437708	-0.00193925
-0.010563	-0.0474965	0.0145144
-0.0284743	0.0222729	-0.0448603
0.00492347	-0.0176292	-0.00646722
0.0126533	-0.0108041	-0.0399993
0.00793796	0.0120262	-0.135561
-0.00375613	-0.00898961	-0.0367809
3.85431e-05	0.0118905	-0.0390917
0.0446895	-0.0208347	0.0156213
0.0158263	-0.0954688	-0.0520831
-0.00226831	0.0410356	-0.0177258
-0.00355636	0.0914783	0.0385302
-0.0127716	-0.0188482	0.113024
0.00912198	-0.0605918	0.0577283
-0.0146016	0.0209851	0.00259511
-0.00607717	0.0130097	-0.154856
0.0467267	-0.0329704	0.00462378
-0.00408367	-0.0454458	-0.0250775
-0.0319287	-0.000345339	-0.00259645
-0.0185714	0.00281262	-0.0799942
-0.0583847	0.0112057	0.0491741
0.0142751	0.0456008	-0.0208439
-0.0035837	0.00137889	0.0198544
0.0146952	-0.0449486	-0.0450778
0.0325289	0.0202232	0.0147992
-0.00572468	-0.0523256	-0.023612
-0.0238097	-0.0067232	0.00171767
0.00456459	-0.0275988	0.000531503
-0.0468466	0.0133476	-0.0113907
0.00465494	0.0158184	-0.0539597
-0.0357204	0.00102292	0.0357826
0.0116703	0.0191157	-0.0707104
0.018056	-0.00293979	0.0257975
0.0276388	-0.00219942	-0.0721144
0.0606948	0.00700855	0.0230582
-0.0320034	0.00268123	-0.0534559
0.0201597	-0.00374933	0.00400775
-0.0582042	-0.00204398	-0.0614841
-0.0279454	-0.0017341	-0.00105379
-0.00179209	-0.00920172	-0.0491192
-0.0263871	-0.00428422	0.0037946
0.0307715	0.0030882	0.0194006
7.2185e-07	0.0110006	-0.0184784
0.0293706	0.0151485	0.0577418
0.0261162	-0.0217342	0.039956
-0.0300269	-0.000465028	0.0157116
-0.0147004	0.0140906	0.0465739
-0.000987034	0.0401093	0.034529
-0.0583664	0.00759673	0.0447019
0.0469349	0.0414534	0.0358332
-0.0494968	-0.0277659	0.0510126
0.0239031	-0.0101777	0.0358937
-0.0138193	0.0233453	0.0284837
-0.0105649	0.00744495	0.025151
0.0133073	0.00286142	0.00382511
-0.0126363	0.000675704	-0.0154583
0.00351385	0.00860793	0.0197799
0.0116886	-0.00456141	-0.0139753
0.0221279	-0.010323	0.0320229
-0.0228261	-0.0343786	0.055528
0.0107303	-0.0147746	0.0242804
0.0131047	-0.0343146	0.100793
0.0400466	0.0128495	0.0238603
0.00351616	0.0047548	0.0540157
0.0370672	-0.00676564	0.00164159
-0.00837801	-0.0416356	-0.0969425
0.00506133	0.0274827	0.00364653
0.00885578	0.00891208	-0.094918
0.0307986	-0.0175819	0.0206546
-0.0123432	-0.0209101	0.080701
-0.0132433	-0.00513031	-0.0366955
0.00377574	-0.00488453	0.12905
0.0338201	-0.0031027	-0.0183547
0.00614166	0.0176258	-0.0478921
-0.0413696	-0.0201547	-0.0333202
0.0228717	-0.0696816	-0.0236587
0.00904998	0.00860142	0.00404352
-0.0147875	0.0601397	0.0754995
-0.00453649	0.0160511	-0.142884
-0.00632871	-0.0446247	-0.00888906
-0.0316205	-0.035444	0.0408459
-0.0044829	-0.0988441	0.0417745
-0.0191966	0.0152476	0.0390963
0.0100954	-0.0898237	0.0663732
-0.0824645	0.0310302	0.0173089
0.0177666	-0.0145409	-0.0365815
0.0194185	0.0168134	-0.00381287
0.027234	0.00798761	-0.025941
0.0653322	0.00847998	-0.0107106
-0.00227907	0.035837	-0.0164331
0.0504375	-0.00359874	0.0241419
-0.0273184	0.0543123	-0.00509591
-0.00396141	-0.015601	0.0107709
-0.00119374	0.0220175	-0.0230073
0.0143582	-0.00251968	-0.0041373
-0.00119155	0.00972543	-0.0737697
0.0293538	0.00409904	0.0264427
-0.000660524	0.0209308	-0.0397743
0.0462429	-0.0128958	0.00801602
-0.00864155	0.0118321	0.0107325
0.0167362	-0.00454272	0.00503303
-0.0389642	0.00756819	0.0506534
-0.0461638	-0.00978519	-0.0192328
0.0275276	-0.013646	0.0546049
-0.0315438	0.0137747	-0.0531101
0.0774932	-0.0258915	0.0266995
0.00624436	0.0130462	-0.0597343
-0.0311375	-0.0170916	0.00239502
-0.00687689	-0.00830844	-0.055602
0.000644621	0.00723386	0.00590778
-0.00888229	-0.0277488	-0.00862292
-0.0103749	0.0258963	0.0586827
0.0141913	0.0145868	-0.0464483
-0.00879769	0.031871	0.0258131
0.0207778	-0.0292593	-0.0376071
-0.0197942	0.0184115	0.0604966
0.0224655	-0.0136066	-0.000192769
-0.0268411	-0.0187529	0.0526162
0.0478812	0.0177745	-0.0154101
-0.0289315	-0.0247401	0.00867102
0.0393783	-0.000737055	-0.00706293
0.0195879	-0.0218358	-0.0125684
0.0177797	0.0223444	0.00763163
-0.00432361	0.0154065	0.0116007
-0.0117067	0.00406619	-0.00505188
-0.0241994	0.0328433	0.0178531
-0.0498419	0.0192748	0.00509292
0.015539	0.0641525	0.00617791
-0.0328844	-0.0168835	0.0118114
-0.0155636	0.00547369	0.00276746
-0.0432686	0.00419753	0.00896079
-0.00063438	-0.00198247	0.0175987
-0.0444064	0.0119099	0.0274145
0.0101455	0.0502127	0.102989
-0.0531154	-0.0194262	0.00297817
0.00414622	0.0510962	0.109744
-0.041549	-0.0239617	-0.00802301
0.0135027	0.0415099	0.0218281
0.00732274	0.000423463	0.0266368
0.00479445	-0.0500239	-0.0352015
0.0128843	0.00934186	0.02668
-0.00663938	-0.0892533	0.104269
0.0509615	0.0292978	0.0143039
-0.00564071	-0.0642393	-0.0159311
0.0164536	-0.0133229	0.0120545
-0.0206562	0.0392832	0.00345026
-0.00537001	-0.00661893	-0.00389304
0.00587577	-0.0304424	0.0395544
0.0170849	0.0162762	-0.109068
-0.00819119	-0.0551327	-0.0942979
0.0114112	0.0118463	-0.025417
0.01168	0.036496	0.0813836
0.0234684	-0.0071801	-0.000468552
-0.0145395	0.0916117	-0.0318671
0.0801658	0.00491017	0.00309146
-0.0123641	0.101863	-0.00470056
0.0275246	-0.0371347	-0.00272856
-0.0263254	-0.0306227	0.0519838
-0.0297896	-0.0156824	-0.0132549
-0.0129869	-0.0504967	0.0398611
-0.0818524	-0.00982086	0.00292676
0.0272441	-0.00423021	0.0647273
-0.0069627	-0.00156651	0.00105
-0.004577	0.00723725	0.0206395
0.0224015	0.0118663	0.00858773
-0.0124564	0.00988915	0.0203941
0.00666569	-0.021041	-0.00544971
0.00256952	-0.0175155	0.0691086
-0.0213011	0.0100753	-0.0344267
-0.00283041	0.00188011	0.0713022
-0.0315715	0.00168594	-0.0383916
0.0428314	0.0147305	0.036181
0.00162897	-0.00270967	-0.025876
-0.020034	-0.0135119	0.00669169
0.00501929	-0.0068269	0.0163727
-0.0693228	-0.0173047	0.0485543
-0.00302107	-0.0115243	0.0159494
-0.0145054	0.00255765	0.086106
0.00191109	0.00203897	-0.0260604
0.0285232	0.00348386	0.0102437
0.0126195	0.00915359	-0.0474767
-0.00512614	-0.00875152	-0.11809
-0.0511664	-0.0277839	-0.011757
0.0398235	-0.0508568	-0.00929724
-0.0215823	-0.00816285	-0.0266537
0.0526555	-0.0763998	-0.0174347
0.0102969	0.0196239	-0.0331506
0.032048	-0.00208572	-0.0112163
-0.0380621	0.0119142	-0.0257268
0.0201952	0.0557145	-0.0245961
-0.0558235	-0.018246	-0.0375295
-0.0232542	0.0132085	-0.0592225
-0.0418283	-0.00876424	-0.0411891
0.000374347	-0.0175418	-0.0589715
-0.0100996	-0.00209674	-0.0095074
0.00856633	-0.00898453	-0.0177757
0.0179631	-0.000767686	-0.0225157
-0.002612	-0.00464473	-0.0126638
0.0372912	0.0323002	-0.00842129
0.00354696	0.0147905	-0.027378
0.034698	-0.0248593	-0.0138165
0.00246365	-0.058914	-0.0391732
0.0355269	0.0139231	-0.0315278
-0.0127329	-0.0361759	-0.0274807
0.0483047	0.00905389	0.0236578
-0.0258039	-0.0152989	0.0542831
0.0179355	0.018856	0.0286908
-0.0175366	-0.0280905	0.0318396
0.00597151	0.0265148	0.0290784
-0.00667711	0.0728804	0.0408032
-0.02943	-0.00869651	0.0337711
0.00148248	0.0301684	0.0188441
-0.0692199	0.000804821	-0.00472068
0.00537571	0.0842817	0.0826992
0.0248735	-0.0486539	0.0406342
-0.00563322	-0.0300703	0.0343236
-0.0122032	0.0147277	-0.037193
0.0123661	-0.0184313	-0.196905
0.00991707	-0.00663989	0.124226
0.00777671	0.0208764	0.0159855
0.00599639	-0.00531875	0.00696991
-0.01003	-0.0286252	-0.0893309
-0.0189537	0.000722796	-0.0556993
-0.00603584	0.0232405	-0.118833
0.0143093	-0.00839381	-0.0310528
-0.00585213	-0.00861931	-0.0239477
-0.0512948	-0.0150835	-0.00308635
0.00328976	-0.0103508	0.0614283
-0.0200781	0.020139	0.017608
0.00924078	0.038357	0.0285401
0.0254206	-0.00878222	0.00798601
0.00745487	0.0182462	0.0745421
0.0592713	-0.0128061	-0.0109694
-0.0143912	-0.00558931	0.058465
-0.0120877	0.00425521	-0.0166707
0.0124305	-0.00856879	0.0659939
-0.0336369	0.00479359	-0.0176625
0.0299043	-0.0145187	0.0996412
-0.00755588	0.0192342	-0.0269316
0.00388304	-5.64734e-05	0.0742194
0.00153018	0.00282395	-0.022338
0.0218501	-0.0195324	0.0248529
0.0149639	0.00960035	-0.0256594
-0.0377656	-0.0389999	-0.0360261
0.0118045	0.0129103	0.00936771
0.0107585	0.00541669	-0.0536215
0.0302049	-0.00524978	0.0138952
0.0892278	0.0406449	-0.0638561
0.0438133	0.00289713	0.0190436
-0.0295393	0.0338813	-0.0910504
0.00712444	0.000377991	0.0623325
0.0104609	0.00893354	-0.0841101
-0.0252789	0.0082023	0.0488158
0.0400324	-0.034614	-0.0661776
0.0333718	0.0107466	0.00912252
-0.0431712	2.11228e-05	-0.03398
-0.0143928	0.0341955	0.00721082
-0.0561616	0.0219635	-0.0564911
-0.0828694	-0.00886327	0.000331023
-0.00775266	0.00588039	-0.0177415
-0.0270406	-0.029657	-0.0136119
0.0192851	-0.0266233	0.0402764
0.0409754	0.0151395	0.0250135
0.0270295	-0.00184918	0.0724207
0.0295522	-0.0374358	0.0225384
0.0154046	-0.0325627	0.0317187
0.0155139	-0.00770668	-0.0287998
0.00642846	-0.0401317	-0.0385117
0.00699232	0.00845504	-0.0245491
-0.00197295	-0.0133334	-0.0608086
-0.0226238	-0.0100138	-0.0413394
0.0126914	0.012891	-0.066829
-0.00824116	0.00870872	-0.0309827
0.00448891	0.0338679	-0.0506868
-0.00628272	-0.0127708	-0.0244336
0.00714118	-0.0159615	-0.0497962
-0.0040614	0.00999593	-0.0387833
0.00127626	0.00648112	-0.13479
-0.00812128	0.0105825	-0.00219841
0.0104688	0.0557257	-0.127182
-0.0356562	-0.0182252	0.00630365
0.00322856	-0.010665	-0.0576856
0.0309326	-0.00672439	0.0112792
-0.00668734	0.0180853	0.0522402
0.0374109	-0.00417961	0.0178282
-0.00956618	-0.0408224	0.0178509
0.00713615	0.0142214	0.00310729
0.00189805	-0.0201937	0.0898598
-0.0218286	0.0376866	-0.0415782
0.00922801	0.0306748	0.0634549
-0.00223784	-0.0262108	0.0228236
-0.00468658	-0.0612982	-0.0326907
-0.0180378	0.00326171	0.101486
0.00696384	0.0217353	0.030942
-0.0142102	-0.0206313	0.104367
0.00493966	0.0381868	0.0163403
0.0304807	0.0240291	0.00170077
0.000145794	0.0588493	0.0400585
-0.0154371	-0.0198323	0.00858193
0.0261422	-0.00396264	0.0798851
0.0540259	0.0223565	-0.0267183
-0.0173185	-0.00598814	-0.0948654
0.00492922	-0.0197393	-0.00320001
0.00510766	-0.0067118	-0.0230791
0.00938526	0.015985	-0.0450163
-0.0140638	-0.0179356	-0.0952314
-0.010463	0.0252629	-0.0602381
0.00408675	0.00378926	-0.146691
0.00751306	-0.00876409	0.00837452
0.00472074	0.0168914	-0.0864998
0.0174335	-0.00985217	0.00574827
-0.0276453	0.00460592	-0.0969796
-0.000357536	0.0113083	0.0115393
-0.0219139	0.000154888	-0.113459
-0.00471817	-0.0174791	0.0381333
-0.0374892	-0.0173525	-0.0677963
-0.0108965	-0.0103941	0.0442757
0.0345579	-0.00700515	0.0216501
-0.0118788	-0.00592007	0.0309241
0.00664868	0.0198266	0.0737562
-0.0270485	0.00500337	0.0190188
-0.0689731	0.0252137	0.0376111
-0.0601116	0.00233869	0.0252025
-0.023236	-0.00525932	0.00365515
-0.0685525	0.000471475	0.0329469
0.0137246	-0.0260506	0.0660679
-0.0230829	-0.0106316	0.0540535
-0.0180247	-0.0103764	0.18757
-0.00290328	0.0440765	0.0201289
0.0154431	0.0570103	-0.0109611
0.0328194	-0.0116978	0.0372183
0.057481	0.0586884	-0.0450341
0.0866204	-0.0234641	0.0493293
0.0244242	-0.0171018	-0.0594897
0.0601385	0.00633462	0.0422984
-0.0324283	-0.0360107	-0.0197616
0.0103574	0.000736017	0.00802077
-0.0255439	-0.00631847	0.0369528
0.0286029	0.0253747	0.0142016
-0.0170178	0.0414278	0.0568226
0.0187115	-0.0033997	0.0560943
0.00246155	0.0357384	0.04093
-0.00847323	-0.00659584	0.054185
0.00148769	0.0149496	0.0279859
-0.0187003	-0.0203019	0.0384584
-0.0108148	-0.0146234	0.0308398
-0.0325776	0.0261318	0.00522525
-0.00844807	0.0402962	0.0313679
-0.0145947	-0.0130352	0.0289147
-0.010102	0.0377709	0.0436165
-0.0297692	-0.0417831	0.0181634
0.036835	-0.0477565	0.0501002
0.00657195	-0.000806477	-0.0510538
0.0136518	-0.0383374	0.00887133
0.0402137	0.0168713	-0.041315
-0.0162582	0.0283152	-0.0155732
-0.075678	-0.00460221	-0.0862835
0.0149262	-0.0210173	-0.156849
0.00737002	0.00741635	-0.0227016
-0.00374793	0.0473447	-0.0652242
-0.00202285	-0.00255466	-0.0230188
0.018428	-0.0202152	-0.0773795
-0.00525433	0.0342419	-0.0114745
-0.0119376	0.0361719	0.0363553
0.00588028	0.00263957	0.0518953
-0.0131614	-0.0269606	0.167181
0.00565378	-0.0111766	-0.0941671
0.000116059	0.059397	0.00831362
0.0450159	0.0325301	-0.0376098
-0.00110561	0.113161	0.0507582
0.0169525	-0.02264	0.0290242
0.00813787	0.0227948	0.0503791
-0.000150374	0.00408471	0.0400081
0.0072421	0.00572662	-0.0056888
0.0270503	0.0139401	0.00430206
-0.0313466	-0.0213031	-0.0797516
-0.0430811	-0.0270571	0.015211
0.0238235	-0.0531785	0.0999935
-0.0414225	0.0230245	-0.0322731
-0.00396653	-0.0344072	-0.0107609
-0.0777481	0.00252001	0.018053
0.0396451	-0.0397989	-0.0328701
-0.0189496	0.0340764	0.0410705
0.00878895	-0.0400624	0.00796835
0.00451699	0.0270111	0.00803275
-0.024598	-0.00749754	-0.0216951
-0.0201377	-0.00209028	0.028904
-0.0028351	0.00926255	-0.0244803
-0.0279206	-0.0342445	0.0433889
0.0230316	-0.0157373	-0.00960312
-0.00917191	0.0135925	0.0321507
0.0438429	0.0181382	-0.0219484
0.0101923	0.00137288	0.042623
-0.0397267	0.046865	-0.0407816
0.00884774	-0.0062687	0.00302174
-0.0310565	0.00670922	-0.0537746
0.0236144	-0.00268946	-0.00430516
0.0920274	-0.0369167	0.0114114
0.054701	-0.0036542	-0.0298543
-0.0026609	-0.0424339	0.0732025
0.0559764	0.00701803	-0.0814567
0.020758	0.000965759	0.0374492
0.00961408	0.00513533	-0.0789801
0.0296388	0.0526224	-0.0317152
-0.0485314	-0.0389374	-0.00181097
-0.00195001	-0.0257465	0.0536012
-0.0734862	-0.0192324	-0.00570962
-0.0351042	-0.034088	0.106678
-0.0936622	0.0270935	-0.0160831
-0.00683688	0.0205379	0.0529942
-0.056077	0.0284551	-0.0238814
0.0230857	0.057886	-0.0418261
-0.0342699	-0.0106045	0.0182735
0.00534504	0.0246487	-0.0821334
-0.0789144	0.0166248	0.0118879
0.016039	0.00691047	-0.0348368
-0.029153	0.0147123	-0.00966308
-0.0129793	-0.00754025	0.0233317
0.0367951	-0.0163987	0.0092124
-0.00222947	-0.0349263	0.0349145
0.0602687	0.0267627	0.0504182
-0.0162122	-0.00885156	0.0571334
0.0368963	-0.0278426	0.0854363
0.00594552	-0.036776	0.0830968
0.0227622	-0.00180068	0.0325509
0.0148566	-0.0230423	0.0300736
0.0529524	0.0129597	-0.0167878
-0.0262619	-0.0116344	-0.0251106
0.0208878	0.00190409	0.00896744
-0.0151465	-0.0441567	0.0315558
-0.00400293	-0.0258369	-0.0230748
0.0255734	-0.0591167	0.0267486
0.0923374	0.0210526	0.0315565
-0.0119553	0.032471	0.0496181
-0.0486778	-0.00650199	-0.0333485
0.0111134	0.0186241	-0.0344285
-0.0278992	0.0134858	-0.034917
-0.00455596	0.0175558	-0.0126964
-0.00933906	-0.0143711	0.0133751
-0.0117924	0.0214353	0.0533098
0.00401414	0.00422678	0.00697419
-0.00533699	0.00573146	-0.0192347
1.06095e-05	0.00338053	-0.0169945
0.00602083	0.0106661	0.0107822
0.0321143	0.00415404	-0.122198
-0.00754787	0.0912469	-0.0307233
0.00838276	-2.18942e-05	-0.115397
0.000518071	-0.0242902	-0.0247836
-0.0125343	0.028505	-0.0279647
-0.00513952	0.00267284	-7.49678e-05
-0.024008	-0.0271241	0.00397711
-0.0203855	-0.112996	-0.0414847
-0.0646036	0.019997	0.0330856
0.0467221	-0.00685217	0.131832
0.00132349	0.0138671	-0.0130425
-0.0131615	-0.00271947	-0.0281423
0.0280581	0.0094755	0.0376422
0.0118751	0.0330827	-0.0269344
0.0597137	-0.0125898	0.0915789
-0.0428046	0.0635136	0.0882803
0.010658	-0.0529962	0.0442712
-0.0210175	0.0173368	0.110322
-0.00348556	-0.0114102	-0.0199579
0.0157237	-0.0135881	0.10277
0.020441	-0.0124141	-0.0219301
0.0297462	-0.0067662	0.120177
0.0433535	0.00343682	-0.0408812
-0.00381341	0.0194441	0.0869841
0.0303039	0.00831551	-0.0424251
-0.0362491	0.0304382	0.0347158
0.0120737	0.0100634	-0.0603855
0.0364205	0.00641466	-0.000290277
0.0114093	0.00824213	-0.0362087
0.0351482	-0.0252877	-0.0143463
-0.00219563	0.00362033	-0.0431605
-0.0738125	-0.0331977	-0.0569948
-0.0384	0.00380344	-0.030765
-0.0765571	0.00128539	-0.076308
-0.0683489	-0.0209241	0.00291627
-0.0095155	0.0267475	-0.0603749
-0.0400732	-0.00999869	-0.0248848
-0.000332356	0.000194044	-0.0783
0.0922415	-0.0324822	-0.0331572
-0.00293153	-0.0246184	-0.00100655
0.0973879	0.0165767	-0.0360003
0.0181806	-0.00465537	0.0288249
0.0273594	0.00474326	-0.00288471
0.0041666	0.014974	0.0716004
-0.0148444	-0.0399464	-0.00269703
0.00945974	-0.0286516	0.0507217
0.0397822	0.0240476	-0.0406276
-0.0163574	-0.0340975	-0.00617758
0.0922052	-0.00988665	-0.0368099
-0.0173461	-0.0313297	-0.0302037
0.0206259	-0.00426291	-0.031511
0.01755	-0.0161644	-0.00286299
-0.0384423	0.00975905	-0.0770755
0.0010273	-0.0055439	0.0215458
-0.0305568	-0.00835998	-0.091971
0.0331088	0.00166337	-0.00497131
0.0102844	-0.00358121	-0.0530565
-0.00605847	0.00671101	-0.0462877
-0.0204892	0.0135121	-0.00949718
0.0030574	0.013325	-0.0378611
-0.0529884	0.047125	0.0286395
0.0138769	0.0847012	0.0270693
-0.0209343	-0.0240016	0.0315448
-0.0068688	0.0625592	0.026586
-0.0249358	-0.0190634	0.0553733
-0.0166663	-0.0168732	0.00505897
-0.0650845	0.0024685	0.00585077
0.0186907	-0.00302225	-0.00622117
0.0848346	0.00135575	0.0833427
-0.0181267	-0.0315841	0.031498
-0.00607738	0.0141816	0.0375308
-0.00328492	0.00538175	-0.00836403
0.00830142	-0.0339226	0.0221433
-0.0168867	-0.00854431	0.0154587
-0.00419269	0.025499	-0.00627307
-0.000411285	0.0338954	0.0369677
-0.0106209	-0.0142099	-0.0533488
0.0154217	-0.00472399	-0.0934287
